6741,
13564,
3565,
933,
761,
3900,
8899,
7423,
4123,
6464,
11173,
12215,
13686,
6688,
11745,
1444,
14384,
3929,
3713,
8593,
2610,
4302,
9139,
12070,
12420,
5672,
14165,
13026,
5187,
9995,
3065,
10727,
4143,
8779,
12541,
2892,
8081,
7076,
8737,
6463,
1499,
12851,
81,
2327,
13905,
10414,
4315,
2749,
5710,
11035,
10655,
5422,
7122,
10199,
2025,
12774,
10290,
3543,
990,
13315,
7612,
2427,
323,
5532,
7938,
1161,
13617,
13494,
13499,
10809,
2718,
6403,
2030,
14308,
8289,
3942,
3395,
9004,
11083,
305,
12717,
4522,
14310,
11734,
4829,
1344,
11663,
14529,
14342,
5641,
12237,
3917,
4817,
12491,
4191,
1175,
4587,
9026,
849,
14603,
5780,
2832,
9411,
6093,
12159,
8471,
9651,
3865,
11811,
7425,
10713,
13288,
3446,
8337,
13987,
2642,
3704,
7681,
12343,
13116,
3268,
3257,
11791,
14668,
13536,
13922,
5827,
8042,
11734,
7331,
9869,
1389,
9775,
1679,
1713,
12770,
618,
2697,
9659,
8204,
7287,
4897,
11881,
10599,
233,
8517,
13091,
11432,
9709,
2951,
8761,
8377,
8934,
2239,
10495,
9175,
11769,
6680,
4167,
12231,
11064,
4152,
3483,
7080,
14659,
648,
9535,
5796,
6135,
9027,
6927,
11722,
9773,
3935,
7926,
13172,
14025,
6332,
9066,
4312,
2949,
10399,
9874,
4181,
4013,
2794,
5628,
14305,
10344,
12996,
3594,
1237,
8833,
4099,
3454,
7914,
4423,
460,
8302,
647,
14587,
5819,
7052,
4711,
4689,
11579,
6441,
14886,
7508,
4278,
8438,
4674,
9638,
11266,
7264,
5104,
1112,
7320,
2963,
11751,
9928,
4934,
1015,
2201,
12269,
6148,
2627,
3512,
13497,
12427,
11639,
8795,
9935,
2041,
10717,
4276,
11691,
12943,
13229,
6753,
2009,
12404,
5926,
2013,
12156,
14882,
7758,
564,
5677,
11136,
14055,
13283,
7746,
111,
8002,
1160,
4962,
10876,
5578,
7497,
14148,
7124,
7768,
11202,
2216,
13521,
14558,
5744,
11359,
11447,
11621,
10349,
2995,
10419,
7968,
11137,
9817,
1071,
76,
1049,
763,
2681,
12256,
10087,
10815,
8674,
371,
4630,
12487,
785,
8673,
14650,
8790,
9770,
14573,
7212,
14680,
2991,
3043,
14675,
9474,
3699,
14042,
110,
1972,
6967,
9979,
11475,
2211,
3889,
7469,
14211,
8441,
4789,
7955,
10651,
367,
1970,
12087,
11681,
9544,
14499,
14365,
1773,
9894,
1923,
10903,
13833,
8815,
4569,
7245,
13206,
8144,
6529,
11311,
14557,
7253,
12562,
11535,
5839,
5867,
7500,
2972,
1305,
5415,
13712,
699,
5255,
6898,
3440,
3601,
717,
9690,
6168,
6615,
4930,
9072,
4225,
1675,
6011,
12110,
4514,
6442,
13758,
11740,
3571,
3072,
6702,
2056,
3497,
10522,
2894,
9282,
10353,
1229,
7576,
1561,
7885,
14525,
3503,
11810,
10607,
3092,
2592,
8837,
13032,
3285,
12914,
9030,
748,
6421,
12864,
10646,
1830,
1710,
14963,
7799,
11701,
166,
1046,
9985,
361,
1301,
14460,
7660,
814,
4548,
3374,
5584,
4177,
5727,
7521,
11929,
5734,
9012,
14392,
9584,
1005,
1832,
14291,
11593,
3903,
11808,
8100,
3087,
10020,
14101,
13664,
7960,
5084,
9103,
10478,
11177,
10255,
9819,
3478,
14312,
5983,
13462,
14530,
14376,
6049,
7752,
140,
3360,
3596,
10291,
10439,
13104,
12965,
12640,
7934,
3705,
9173,
3578,
5589,
6960,
4102,
11459,
1723,
7854,
9828,
6942,
560,
9894,
11053,
2410,
7030,
7046,
3453,
3182,
5885,
2989,
525,
5154,
4828,
11984,
1715,
4081,
398,
12924,
11524,
2609,
6837,
296,
8379,
174,
4761,
13620,
11150,
1195,
8491,
7525,
9781,
6764,
13410,
12314,
11955,
4975,
14778,
14263,
11683,
5862,
7956,
1925,
3752,
1515,
1938,
10102,
12250,
7294,
12722,
3564,
8807,
754,
7929,
14818,
4401,
2561,
2421,
3840,
1354,
12451,
5179,
2408,
12693,
13431,
1138,
9313,
4132,
4636,
12851,
9484,
339,
8091,
6975,
4432,
3671,
8095,
4757,
506,
10388,
9344,
11364,
12705,
2621,
11581,
1417,
2291,
1273,
12943,
12739,
4819,
14029,
13887,
2288,
4865,
2986,
3032,
87,
13206,
11415,
2500,
12310,
6853,
5661,
3697,
14523,
1991,
8076,
2307,
1185,
8251,
7346,
6481,
1297,
276,
959,
4083,
9171,
6431,
197,
4683,
3411,
14385,
8832,
6871,
4759,
3304,
9788,
12444,
12655,
2418,
11608,
14041,
12172,
12977,
14836,
14185,
8174,
6497,
1387,
10077,
3401,
7755,
1516,
4528,
7086,
7922,
9139,
6160,
9221,
13753,
8532,
1317,
4753,
10794,
70,
6865,
13895,
12299,
12025,
4712,
1,
3809,
2496,
3835,
5058,
3550,
14336,
4008,
13294,
9557,
463,
10817,
14607,
5684,
7548,
11451,
9637,
14705,
12109,
246,
9923,
13595,
2099,
5483,
11798,
10914,
14465,
11590,
14957,
10519,
13656,
13749,
8130,
13326,
7150,
8624,
7223,
3942,
14859,
5831,
9795,
424,
9574,
10279,
10288,
6236,
12351,
548,
11258,
12801,
11528,
4030,
10817,
10592,
12614,
2564,
11807,
3511,
8290,
2730,
10843,
3290,
11130,
1267,
7328,
13149,
12647,
14868,
14060,
10480,
14736,
10274,
1625,
8710,
11111,
3366,
12869,
2237,
3655,
388,
8973,
3657,
3996,
1056,
2292,
5612,
1030,
9275,
11986,
6390,
1593,
11217,
5911,
6902,
6651,
7893,
6156,
2364,
3504,
10658,
9291,
6288,
10134,
333,
12958,
7413,
6559,
10281,
8987,
4667,
14741,
5028,
2010,
13610,
11666,
9675,
13881,
1616,
12591,
13491,
6556,
6038,
4333,
6949,
4045,
6272,
5238,
11573,
4015,
4942,
8360,
4927,
4296,
2234,
3947,
12705,
3771,
4983,
9387,
230,
3728,
10089,
4951,
12391,
4762,
9575,
10885,
14346,
3695,
8903,
2828,
14581,
8431,
8902,
2308,
8633,
14524,
14400,
616,
2884,
10264,
6273,
7466,
8177,
10455,
12633,
1719,
14636,
12988,
10814,
1307,
3922,
8363,
10555,
2059,
13184,
14356,
14920,
1533,
8904,
10913,
7828,
8920,
10294,
12137,
7292,
5912,
2741,
10205,
3058,
10714,
88,
2317,
14960,
3621,
11330,
13013,
6982,
8230,
7531,
12507,
14020,
13957,
5733,
12850,
7899,
2014,
13359,
13556,
10775,
13999,
6715,
12840,
2909,
14624,
1860,
4712,
6674,
12975,
14383,
1644,
1132,
3619,
704,
4243,
3331,
1409,
4371,
5991,
9063,
2643,
11349,
11515,
11348,
2340,
4959,
2771,
7032,
12447,
5003,
2783,
2013,
9902,
12442,
12046,
11094,
13133,
10758,
12913,
5505,
6593,
11584,
4800,
4794,
13075,
6670,
7247,
10935,
8002,
12464,
2583,
14109,
3932,
12083,
1061,
10393,
10590,
5857,
2744,
13102,
2526,
7590,
3193,
6401,
3979,
1182,
14183,
7432,
5152,
6429,
9777,
10143,
14723,
2074,
3742,
10123,
2191,
8597,
3754,
2353,
8857,
11935,
9884,
14455,
6169,
11696,
8727,
3562,
5955,
7086,
4115,
431,
6273,
6917,
5088,
165,
11615,
4809,
10761,
3787,
12364,
2757,
6331,
13785,
8062,
12208,
6707,
4279,
2759,
6347,
14946,
958,
14365,
14415,
14043,
3767,
9287,
3374,
130,
113,
7013,
824,
4487,
2229,
4647,
11992,
5474,
1338,
7361,
1476,
8562,
12282,
13839,
6191,
14675,
4274,
10242,
2291,
5950,
7596,
12458,
465,
12033,
11810,
8708,
9247,
6407,
11260,
11135,
771,
3469,
2229,
11470,
10911,
1035,
11172,
14694,
3896,
4342,
9327,
7829,
13193,
4167,
14371,
8248,
6554,
14993,
2750,
1874,
3426,
3821,
876,
2330,
3163,
14258,
6543,
5665,
10805,
8539,
1596,
1102,
6468,
83,
13939,
12120,
918,
4915,
3797,
10180,
2964,
2216,
12033,
11321,
3475,
12031,
101,
13220,
4886,
1183,
13144,
11426,
13665,
5095,
11323,
2810,
1671,
5803,
9930,
7252,
11114,
2303,
8549,
664,
3952,
12067,
10953,
9631,
3646,
8330,
14242,
9673,
7250,
13879,
14394,
10679,
14093,
5037,
4629,
10575,
4405,
10723,
5753,
6899,
14551,
13527,
12887,
5132,
11075,
10435,
12902,
13050,
5313,
13029,
9510,
1886,
2862,
5522,
179,
9885,
556,
10100,
7477,
7692,
3899,
10158,
1824,
11717,
3681,
6669,
9346,
1286,
3213,
8081,
12095,
10130,
364,
14478,
3076,
2496,
14999,
6016,
10294,
4561,
7771,
3662,
14333,
13093,
12094,
5662,
13147,
4919,
5883,
13460,
2063,
9128,
125,
7627,
11732,
10350,
9948,
8674,
7078,
5477,
3970,
3727,
7629,
8825,
3209,
13818,
5691,
189,
3386,
9690,
10707,
2824,
8391,
6537,
3515,
14947,
3899,
8788,
13194,
14482,
12972,
9471,
1317,
4217,
4544,
7263,
5304,
9495,
8726,
5166,
1493,
7964,
1773,
8252,
9148,
11808,
2090,
12972,
14057,
7025,
6116,
1004,
7054,
1479,
13584,
7176,
14334,
3948,
14084,
7949,
2876,
8658,
11309,
6405,
9907,
8557,
10351,
13577,
8936,
14015,
9767,
1308,
10871,
6306,
10851,
12572,
7856,
10328,
1672,
1088,
6413,
481,
6940,
5443,
7750,
6445,
4027,
5202,
12772,
1057,
9520,
10419,
9860,
9155,
14611,
1490,
5473,
2271,
8170,
5559,
5251,
13799,
12324,
3167,
13658,
1017,
2047,
12951,
7349,
3808,
3556,
3162,
6931,
8440,
7333,
6812,
505,
5566,
4745,
5619,
1229,
5890,
8432,
1672,
13438,
4952,
11031,
5850,
14494,
7544,
7279,
6953,
8197,
5172,
11076,
12285,
2006,
12838,
483,
14833,
12210,
12196,
1280,
11552,
7406,
6455,
1428,
11996,
13849,
12302,
11253,
1142,
7175,
4948,
4844,
2567,
2362,
1712,
1029,
6986,
5320,
8130,
1240,
786,
8118,
2204,
1984,
5414,
3417,
11172,
8165,
11838,
13304,
428,
10466,
12567,
12962,
9601,
4127,
1525,
12857,
8901,
6278,
13590,
10288,
4471,
11364,
13964,
639,
3528,
12466,
7661,
14942,
7132,
10094,
13668,
274,
10359,
11585,
4747,
12390,
14659,
7966,
2895,
11479,
4379,
8251,
10198,
5551,
12153,
11617,
1464,
1274,
1904,
9969,
10818,
14164,
4677,
7986,
10478,
11357,
8302,
13918,
4456,
11234,
11849,
2329,
9312,
883,
7925,
5245,
12226,
5001,
6791,
11232,
5680,
6601,
11261,
1792,
13653,
2999,
11817,
8072,
7296,
1192,
14056,
10993,
14123,
3062,
13076,
14580,
5477,
2574,
8729,
9113,
695,
10942,
7933,
564,
8793,
4750,
3465,
1732,
10281,
10907,
10121,
9764,
14074,
14250,
13541,
8530,
5454,
1611,
1900,
13649,
7185,
10814,
2308,
5066,
8267,
10848,
13853,
12460,
5087,
12260,
2588,
4983,
13658,
11626,
5434,
841,
9014,
4696,
13580,
7076,
1396,
11810,
6647,
14297,
5972,
8306,
4223,
2086,
10515,
8041,
14303,
8714,
9272,
1747,
7057,
1421,
4921,
9620,
1923,
14980,
9633,
4387,
2024,
10341,
6427,
9162,
8107,
14598,
8953,
9359,
2510,
9879,
5624,
8944,
8557,
12590,
12189,
5300,
1477,
7384,
10850,
2498,
10154,
658,
5466,
3391,
471,
4271,
6424,
3365,
13192,
1701,
8225,
4211,
10785,
8925,
8423,
5372,
6726,
13830,
10174,
4630,
1399,
11599,
9808,
12406,
11833,
6292,
7857,
105,
6058,
5859,
2625,
1715,
12227,
1559,
3056,
13439,
13480,
10968,
7664,
3547,
4478,
10888,
6102,
4797,
10837,
8765,
4055,
6823,
12304,
6017,
14448,
10993,
9558,
2604,
13320,
11366,
8871,
11963,
14003,
10313,
2159,
4182,
13700,
13202,
14288,
14241,
2782,
6502,
7343,
14332,
7565,
11026,
9653,
7699,
5242,
8574,
11124,
13421,
8174,
11763,
6288,
3168,
10679,
4138,
3780,
14267,
7976,
3457,
5947,
9774,
14995,
7662,
4702,
5330,
295,
13298,
5560,
3359,
12640,
13737,
3207,
5158,
1057,
3653,
14556,
13115,
7830,
5032,
9513,
10405,
2464,
1652,
5892,
13606,
1946,
7218,
7029,
5209,
4155,
2170,
5803,
14542,
5920,
13292,
4848,
1420,
2766,
13458,
310,
8287,
12269,
4350,
8292,
9937,
219,
14037,
13032,
1422,
7962,
11436,
14792,
14146,
10352,
3536,
1435,
2758,
9717,
2582,
4332,
6179,
12209,
7515,
12809,
3314,
11911,
3161,
3200,
229,
813,
9744,
6837,
2603,
3523,
4017,
1533,
2583,
8811,
1421,
7737,
3516,
12985,
2396,
6933,
10252,
5949,
2360,
6132,
12152,
4417,
2689,
7598,
13778,
11124,
8427,
12518,
11226,
8986,
1996,
434,
11922,
57,
8088,
12413,
13501,
7062,
5726,
4489,
14970,
9108,
36,
12979,
12190,
5330,
4968,
1387,
9112,
213,
11697,
9297,
2711,
309,
4856,
6986,
6058,
9898,
5882,
13367,
12791,
7394,
11204,
2637,
11990,
3206,
2374,
2964,
4823,
136,
3329,
4915,
7427,
14111,
10980,
10232,
4657,
2048,
7358,
10130,
2354,
12888,
9973,
4461,
14477,
2621,
6479,
5925,
440,
7076,
889,
4816,
7861,
13158,
3090,
5221,
2674,
14985,
13278,
13789,
11109,
4770,
11850,
11580,
13830,
5497,
201,
9235,
4399,
3455,
6235,
10555,
1623,
1865,
10814,
13454,
5916,
9064,
10837,
10442,
6091,
10264,
12620,
7428,
14142,
4341,
1887,
987,
5486,
12165,
662,
11225,
3045,
5892,
6410,
8315,
11762,
967,
8691,
14174,
10187,
907,
13158,
7831,
3306,
11008,
2417,
12259,
12823,
13908,
8237,
10181,
5916,
6611,
7586,
7177,
9814,
12808,
5646,
7886,
3630,
7232,
2920,
14347,
146,
7017,
9214,
9721,
8395,
12356,
6127,
9352,
10781,
1323,
6263,
12795,
12360,
9303,
9850,
12118,
12016,
12144,
12180,
14360,
8081,
4401,
5571,
9220,
5774,
10075,
13099,
11090,
10245,
12098,
7984,
13472,
12543,
10898,
6073,
3647,
7686,
11546,
4653,
5110,
12097,
5099,
4907,
634,
8473,
6428,
7748,
8491,
11554,
1760,
9394,
2116,
8354,
1308,
3800,
10733,
14282,
6090,
11047,
13724,
4087,
12426,
9504,
11782,
3624,
2684,
14843,
8502,
12535,
7976,
8563,
6710,
558,
8526,
14818,
10420,
2985,
14253,
4457,
7794,
3286,
3680,
4015,
8585,
14816,
11283,
9452,
1871,
1655,
7791,
2333,
10214,
10085,
1377,
5504,
1999,
1155,
12339,
6002,
7563,
5586,
2313,
441,
8065,
8650,
348,
268,
14937,
1473,
8227,
4552,
10416,
876,
11863,
6307,
13308,
9081,
9148,
3633,
14819,
11984,
5825,
9570,
6723,
4087,
14000,
1635,
11683,
2228,
7932,
11461,
8502,
6722,
482,
9959,
8153,
8441,
1110,
9959,
13005,
9691,
13053,
7781,
238,
10559,
14649,
13210,
13355,
1252,
8980,
2625,
12190,
4866,
5786,
7007,
8286,
6262,
11748,
2904,
1120,
4045,
1874,
7918,
8760,
12550,
11755,
12525,
3242,
12701,
10347,
198,
7935,
13187,
582,
8025,
11159,
8600,
3172,
11054,
9997,
3265,
12703,
7576,
934,
1083,
13831,
6189,
883,
10927,
9177,
563,
10712,
9723,
11347,
2333,
13749,
7745,
8845,
9220,
8880,
13243,
4931,
7031,
2986,
5546,
3534,
6862,
13344,
413,
2794,
3920,
14206,
3200,
6096,
7582,
10243,
2699,
4925,
944,
9753,
8190,
1640,
637,
4637,
2704,
14541,
2494,
7468,
5157,
6110,
7842,
2911,
10551,
12453,
5842,
7677,
2019,
13208,
8508,
4360,
4306,
7530,
4427,
8246,
2006,
2547,
6064,
2977,
4409,
7402,
13695,
14583,
177,
2580,
12875,
14069,
4410,
6961,
2527,
6907,
9895,
6984,
10788,
12695,
7514,
6782,
10305,
14739,
6621,
13183,
3196,
8452,
12955,
5219,
9250,
12109,
4028,
4666,
1455,
4459,
11732,
3378,
13005,
10869,
14079,
888,
2532,
3109,
1788,
6127,
1565,
7932,
2640,
5064,
1315,
1707,
1444,
4227,
10400,
12001,
9397,
13806,
8923,
6893,
4242,
2002,
7203,
12087,
3883,
12317,
3466,
13855,
5940,
544,
8405,
4259,
12894,
4500,
11,
12585,
14104,
1168,
10279,
5663,
10978,
9861,
1222,
5177,
8402,
9851,
1078,
2954,
5540,
10430,
6068,
8540,
10500,
13417,
6282,
11671,
5066,
4898,
7761,
9633,
14328,
10604,
3190,
7114,
362,
14066,
14882,
2433,
11305,
6781,
4820,
2493,
6188,
6915,
1274,
12556,
8654,
4019,
2473,
6284,
5100,
10440,
14292,
8938,
9695,
8692,
10248,
12551,
13531,
6754,
14142,
7354,
9478,
9241,
870,
13973,
5384,
10123,
2003,
3521,
1462,
4005,
8852,
11150,
14541,
12382,
1976,
14803,
11584,
9221,
12024,
11749,
8414,
11314,
12196,
7098,
13571,
5949,
2586,
13823,
9158,
6907,
11075,
14620,
9254,
3173,
2070,
8202,
7479,
1979,
8064,
3586,
11307,
1232,
3449,
6654,
9419,
9562,
8979,
12992,
1121,
145,
11897,
8771,
5928,
3814,
13337,
1754,
10555,
5526,
3420,
6536,
14135,
680,
11399,
3581,
1687,
12402,
12057,
1352,
1548,
12456,
10639,
4275,
6042,
3648,
13588,
6133,
4009,
3364,
13136,
4660,
12819,
9354,
13306,
9842,
820,
889,
4549,
7705,
10541,
6168,
1579,
1139,
2770,
2025,
2555,
1920,
12897,
5538,
12029,
4821,
8038,
994,
8331,
1063,
1616,
13314,
3560,
5288,
6543,
4867,
13683,
6580,
13959,
11026,
8187,
7912,
1739,
8349,
3666,
12513,
9561,
7168,
8503,
14075,
14839,
465,
1566,
12504,
2617,
14564,
9561,
10093,
6693,
3373,
8870,
5148,
10886,
4924,
10130,
5267,
13412,
907,
6164,
10092,
4437,
7372,
5364,
14728,
4304,
8207,
1783,
10277,
5102,
5492,
12007,
13143,
12338,
4241,
1894,
10295,
11453,
14531,
10667,
977,
6362,
6486,
5413,
582,
7274,
14585,
11698,
11542,
5357,
5240,
92,
738,
9678,
6732,
13205,
12439,
1351,
4083,
6893,
418,
1551,
12293,
2742,
5887,
3919,
10191,
2823,
739,
13010,
4013,
412,
7362,
13211,
11223,
10580,
13466,
9275,
1368,
3983,
7509,
267,
8046,
13661,
14678,
7332,
4982,
3561,
3121,
4455,
9853,
4425,
169,
848,
9561,
4264,
10004,
297,
9380,
13265,
6544,
5716,
10804,
8387,
13022,
6137,
7319,
4333,
4957,
10740,
11619,
6827,
11575,
5633,
5795,
9076,
14810,
11592,
12023,
7885,
895,
2550,
7647,
14812,
13317,
11566,
6186,
8275,
3244,
5055,
1638,
11414,
4036,
10071,
10873,
11266,
3932,
430,
7501,
9419,
7834,
12426,
5876,
4843,
8525,
433,
12050,
4496,
7692,
13692,
3079,
856,
14219,
2430,
908,
33,
11079,
4806,
6257,
6616,
4203,
3988,
2138,
563,
2895,
2788,
8662,
1608,
13145,
7501,
8824,
5757,
5579,
11012,
5974,
14982,
8953,
3688,
7956,
12957,
881,
9360,
944,
5344,
6724,
4307,
9181,
1108,
9334,
10058,
14393,
4710,
1008,
4,
12115,
8626,
3521,
1049,
4461,
11566,
3025,
8761,
3196,
7248,
13406,
9602,
6725,
6569,
1880,
10786,
10716,
12064,
13842,
606,
12525,
9733,
14134,
1333,
4030,
7455,
8003,
11442,
759,
13533,
7657,
10601,
1424,
10782,
5133,
6978,
9739,
7544,
6815,
12840,
13520,
6731,
2740,
14380,
433,
14307,
5456,
10530,
10895,
4233,
7925,
4998,
1529,
8617,
1267,
10335,
3722,
2877,
12682,
7271,
9566,
9847,
12492,
5344,
12753,
7402,
4058,
7854,
14922,
458,
12335,
13540,
4368,
2504,
3596,
9576,
14087,
14870,
1270,
6364,
8508,
927,
12938,
11361,
9173,
1991,
6523,
8285,
8258,
13192,
8808,
8368,
708,
9087,
9960,
7818,
10698,
8504,
12886,
6471,
781,
11160,
5868,
7280,
5314,
1584,
2802,
4839,
11867,
10811,
13359,
5707,
1065,
6763,
7497,
75,
10229,
7209,
13112,
8593,
13882,
8799,
11683,
13279,
6066,
10536,
7070,
5948,
7484,
3616,
1354,
6356,
14793,
12592,
3040,
5053,
9023,
4992,
12563,
9145,
13449,
3335,
10420,
13096,
6960,
13917,
8830,
14436,
10490,
13014,
13129,
13346,
12509,
4814,
8681,
8349,
461,
10220,
2261,
11567,
127,
124,
10437,
1940,
81,
6044,
820,
6216,
11608,
5925,
3198,
2672,
9651,
14668,
8837,
5303,
11022,
13920,
5665,
887,
12951,
13267,
13501,
13128,
12036,
4616,
12809,
3728,
9129,
8729,
4541,
14124,
10676,
4350,
4138,
1474,
8241,
2652,
4150,
7187,
12857,
10948,
14564,
6071,
11508,
9175,
12022,
1109,
7932,
11712,
11483,
2523,
6668,
8985,
8772,
4688,
12771,
9378,
11276,
3674,
3471,
10791,
14002,
1839,
12786,
221,
1015,
7251,
4030,
13063,
9778,
9047,
566,
11221,
13263,
2940,
3988,
12004,
10741,
1897,
5494,
8424,
10543,
2815,
8826,
3724,
14153,
7098,
7058,
5918,
12593,
1041,
8815,
9455,
5677,
13496,
13949,
6197,
12399,
7440,
2384,
4964,
6830,
6309,
12352,
3090,
10998,
13214,
3977,
325,
1385,
12739,
4605,
5365,
9109,
4676,
13585,
2260,
8384,
1103,
5271,
10838,
8999,
1001,
1747,
106,
818,
7410,
4669,
6859,
10978,
6518,
6131,
12961,
10107,
4931,
8898,
9771,
9946,
7484,
9605,
10956,
7663,
11510,
3840,
9050,
6059,
12981,
3717,
2552,
12135,
7158,
9745,
9656,
7964,
9205,
7168,
10486,
4883,
5171,
12732,
12373,
9821,
4985,
11822,
2904,
7031,
6844,
1231,
11192,
12943,
2977,
7071,
3035,
1646,
4972,
4467,
13927,
4318,
1641,
4269,
6546,
1113,
2547,
6511,
12062,
12364,
12262,
12646,
10558,
4411,
14872,
659,
9135,
5768,
13678,
1953,
1420,
5996,
1606,
14133,
9690,
6472,
6703,
10491,
8232,
14596,
10315,
2137,
13375,
6849,
12491,
5589,
5607,
6900,
10697,
13259,
3528,
4802,
6911,
5250,
11483,
7497,
12444,
13757,
4750,
1614,
9303,
3713,
14266,
10050,
3010,
10613,
13594,
13308,
5158,
7200,
14514,
4384,
6739,
14510,
2356,
8334,
7329,
2798,
12127,
1908,
7393,
1773,
14205,
6123,
80,
14228,
2108,
8505,
9925,
6801,
1975,
12448,
12724,
10424,
8885,
3310,
6173,
3628,
231,
2371,
1744,
6100,
12811,
3346,
12765,
14462,
7014,
11373,
1792,
5898,
1532,
5921,
2109,
5217,
3411,
2185,
3421,
6151,
4832,
3134,
8834,
14031,
11189,
4974,
8866,
10917,
5308,
5332,
9076,
12601,
9084,
7923,
8651,
3904,
8987,
11272,
1870,
10809,
11449,
3928,
7901,
12484,
10435,
8167,
13763,
6169,
10973,
7778,
7896,
10697,
9976,
14797,
3252,
13438,
10387,
2134,
3550,
14506,
6161,
12383,
6490,
11364,
5713,
10338,
9755,
11382,
12068,
12834,
8382,
10329,
2643,
12459,
3143,
14687,
13236,
3298,
14784,
10449,
4842,
7479,
14289,
6830,
9136,
7155,
4154,
10455,
10191,
9888,
10074,
1291,
6575,
14923,
8080,
10158,
13911,
9499,
7376,
13785,
3145,
4999,
9828,
2122,
8545,
151,
4941,
11535,
4356,
14907,
10346,
2176,
7483,
5609,
9758,
3122,
4779,
1461,
13051,
11608,
13918,
5841,
7853,
12487,
13955,
14814,
7895,
6431,
9917,
9331,
6762,
6896,
2333,
2582,
3517,
14872,
13077,
13030,
9983,
8314,
14934,
2056,
4085,
1039,
5471,
10128,
11605,
14790,
3801,
191,
9481,
1291,
3441,
10841,
4177,
2330,
5059,
3202,
8273,
14557,
6116,
14582,
11414,
5132,
4115,
2872,
1911,
14713,
8871,
14146,
7709,
7048,
10058,
14202,
10888,
14927,
6317,
14559,
6882,
3950,
3279,
12374,
14861,
1553,
9644,
10734,
6832,
13062,
14561,
478,
9938,
4072,
7426,
13465,
11650,
13593,
1080,
10278,
13366,
13969,
8806,
13858,
4852,
7584,
3446,
2088,
10174,
4638,
9920,
4697,
8845,
2248,
6827,
4198,
13094,
4401,
9939,
10175,
5733,
210,
3546,
1010,
9960,
1152,
14119,
11526,
734,
5025,
432,
10728,
13307,
6428,
7571,
9328,
1360,
5886,
2352,
4935,
6077,
9419,
9819,
5807,
1980,
11013,
11268,
12714,
14104,
9771,
1108,
318,
10443,
11930,
10876,
1753,
11644,
12365,
1923,
11478,
9075,
12283,
10717,
12261,
5442,
4149,
9309,
3844,
8981,
7114,
11584,
4020,
7113,
10818,
5961,
3612,
5799,
14052,
5514,
78,
8878,
10423,
13630,
14415,
8524,
7827,
9676,
7327,
28,
11949,
895,
7061,
5548,
3575,
7661,
12441,
11278,
7659,
9933,
1770,
13590,
7474,
6621,
5688,
9110,
6524,
9101,
3840,
11666,
9999,
13384,
10773,
9060,
7345,
5364,
7074,
3949,
692,
11092,
13052,
14070,
14940,
13440,
249,
11931,
7331,
12804,
1262,
9841,
8421,
7096,
14022,
353,
777,
7593,
9804,
9637,
13158,
2105,
7271,
10745,
612,
7556,
3070,
7832,
14270,
3181,
8604,
9917,
6122,
2944,
2927,
3768,
3971,
9352,
3642,
4216,
170,
8273,
524,
5545,
1622,
2035,
6285,
3871,
14454,
8079,
12810,
13037,
6454,
7306,
11348,
9147,
4483,
11534,
4001,
6714,
7658,
1084,
13315,
8173,
4363,
13757,
7906,
10202,
4299,
13036,
785,
8650,
8370,
9089,
940,
5768,
13810,
134,
2104,
8855,
10250,
2741,
3041,
20,
510,
5281,
11016,
9527,
13932,
6752,
14604,
3921,
7251,
13977,
14706,
14590,
6177,
13996,
14839,
2297,
14300,
8665,
992,
10812,
10648,
4136,
2737,
11439,
9019,
3538,
7072,
11529,
1420,
13706,
12459,
1790,
14697,
3276,
9985,
8882,
8553,
2148,
12552,
2089,
12208,
5673,
2607,
327,
9550,
9068,
5685,
2705,
4420,
14975,
11227,
14761,
6837,
12209,
1710,
3616,
4238,
11790,
8795,
4679,
11549,
3377,
4505,
12920,
14684,
13829,
2021,
14485,
14400,
12603,
2525,
6926,
13951,
1804,
13030,
10134,
11382,
9538,
5015,
1894,
2981,
9358,
5890,
13308,
6156,
6847,
6187,
9031,
11184,
4779,
9841,
8102,
12297,
3100,
6383,
5349,
10482,
7754,
11878,
3867,
2947,
7215,
7752,
12207,
10283,
829,
6766,
622,
2941,
9384,
9974,
4848,
2881,
4507,
5088,
6538,
5994,
14898,
12434,
10937,
7651,
9510,
3139,
11061,
3246,
9005,
8134,
7277,
284,
12142,
8146,
3705,
2790,
3205,
5093,
3424,
13466,
6288,
11374,
13654,
7533,
9442,
12155,
6326,
12359,
5444,
5416,
14913,
4850,
14386,
9510,
11173,
10677,
6412,
3740,
10026,
5707,
3186,
960,
5924,
4458,
13031,
11399,
12205,
10818,
86,
645,
2566,
7595,
1721,
10602,
11563,
320,
13948,
13861,
7705,
13331,
5583,
10298,
2563,
8049,
10589,
13972,
10502,
12218,
11039,
796,
6425,
5939,
14953,
12703,
14781,
8751,
6792,
7126,
13302,
1479,
5154,
9340,
1344,
11280,
3426,
7966,
9789,
9430,
2471,
6066,
12789,
9235,
1246,
6850,
6551,
2404,
9743,
3097,
5755,
12326,
2368,
9437,
386,
729,
2928,
3383,
1042,
14870,
14388,
13993,
11970,
7974,
6339,
5959,
1402,
424,
5054,
2657,
10031,
7098,
9727,
2939,
3894,
6881,
4401,
14825,
9319,
259,
650,
6104,
3641,
3110,
3655,
2657,
1280,
14029,
12238,
640,
5313,
4068,
3715,
2728,
9370,
7850,
2430,
6250,
2397,
2133,
5276,
7084,
2846,
11112,
2377,
2773,
8789,
7184,
3147,
13872,
1406,
6755,
5897,
9768,
4949,
10904,
6238,
1707,
8972,
10269,
5922,
196,
11838,
8730,
8690,
12244,
11205,
4325,
6881,
6786,
9722,
3017,
373,
2619,
8883,
14969,
10567,
11149,
10041,
8604,
3468,
11444,
9562,
7227,
6346,
14303,
13613,
6577,
10487,
10244,
5412,
5236,
178,
8280,
13058,
10780,
13509,
9384,
1822,
14104,
11759,
7304,
3356,
12014,
14539,
9083,
3458,
9458,
14172,
11292,
5029,
13079,
11785,
13673,
14678,
4212,
1316,
470,
1038,
1718,
7917,
7458,
5397,
10260,
3602,
689,
13780,
10875,
8901,
4711,
13840,
1838,
3514,
12768,
965,
6308,
8037,
12250,
2307,
3042,
13986,
12799,
12085,
8233,
566,
13987,
3470,
7812,
13297,
5361,
13595,
8472,
10238,
3018,
12690,
5826,
8976,
13205,
3600,
13279,
14977,
12401,
13552,
14035,
1591,
9666,
7603,
11526,
2783,
11974,
7221,
13008,
14725,
4176,
2036,
4007,
1011,
9768,
5843,
7442,
12364,
13293,
8123,
1571,
12338,
12763,
4384,
11813,
398,
2928,
14799,
1075,
7314,
6944,
6878,
9665,
909,
7952,
1888,
7757,
11279,
2624,
1087,
14668,
4402,
1682,
12437,
792,
2692,
7015,
12309,
2917,
8639,
13423,
9001,
10774,
3821,
12096,
5866,
3041,
11043,
6388,
3587,
5591,
11042,
12879,
5925,
8656,
608,
8742,
14690,
2739,
10204,
5644,
7382,
11892,
3288,
10793,
9543,
9313,
9571,
4402,
3313,
1241,
2885,
14415,
5923,
6744,
9323,
10424,
9150,
14084,
9309,
265,
1937,
12011,
1829,
13224,
8258,
12783,
4838,
5997,
4576,
11702,
11415,
1105,
8939,
8473,
8203,
5762,
9829,
6601,
4697,
1133,
6473,
12322,
582,
7753,
8168,
10450,
11052,
14290,
4890,
14554,
11762,
9934,
4613,
13629,
2286,
496,
12102,
7198,
4284,
1141,
222,
4369,
6799,
10463,
4650,
8912,
2255,
10709,
918,
556,
7472,
11176,
13100,
12296,
2271,
561,
3019,
2493,
12689,
14427,
11243,
7865,
5666,
11841,
8401,
5724,
2708,
11366,
4199,
5750,
6457,
888,
2261,
1467,
14743,
8404,
12805,
2489,
7518,
9176,
5511,
9978,
4115,
11774,
1449,
319,
4748,
4730,
683,
981,
8500,
9503,
13322,
12453,
8046,
12969,
6009,
693,
7734,
3936,
2273,
5935,
8082,
11731,
7464,
14499,
12871,
3807,
10170,
4767,
690,
2721,
9716,
5438,
5709,
2347,
5045,
9218,
9515,
2911,
3368,
12951,
11330,
4498,
9610,
3861,
857,
5026,
13061,
3563,
3208,
12471,
13442,
10350,
8462,
11213,
9579,
1536,
1394,
11344,
2655,
14498,
7379,
11123,
7004,
1728,
7841,
9496,
3709,
7164,
1894,
13920,
8018,
3511,
1128,
11829,
3784,
13082,
12082,
10026,
6647,
5494,
7553,
1595,
14035,
2851,
426,
13449,
1307,
4272,
4563,
2349,
810,
14498,
7388,
3731,
13608,
6677,
1253,
6575,
12441,
14386,
11299,
14440,
151,
11157,
5120,
12539,
14472,
1945,
14420,
45,
10802,
11897,
11210,
4853,
5927,
7509,
3190,
7097,
12225,
1491,
9052,
6595,
9317,
11941,
13889,
4199,
9675,
9592,
10860,
7631,
13292,
9904,
8754,
7000,
612,
3675,
4516,
804,
9342,
667,
9311,
9957,
3526,
6040,
7489,
12148,
9201,
12185,
1925,
7492,
11300,
7006,
3974,
7492,
5132,
8493,
2193,
8806,
2223,
14265,
2948,
5170,
12474,
12293,
13652,
3258,
5138,
10066,
3808,
3018,
13756,
6534,
4505,
3044,
3966,
12308,
10071,
6316,
3982,
14057,
4260,
14865,
12024,
1412,
12341,
150,
11173,
343,
4268,
10270,
4761,
9152,
7559,
12486,
7369,
7201,
12731,
7826,
13752,
11537,
4014,
7088,
6044,
7580,
9378,
6876,
4603,
4929,
14985,
651,
14542,
415,
13298,
5161,
13043,
14108,
3315,
1995,
10244,
9485,
12505,
14564,
8281,
4696,
4182,
251,
5068,
12050,
7172,
4057,
10326,
10888,
11471,
5842,
8439,
12494,
12886,
7454,
13883,
5014,
12728,
3830,
5605,
7310,
5189,
13301,
9635,
631,
14599,
11494,
7357,
14864,
12134,
14481,
10710,
8464,
4372,
9666,
10051,
7852,
3458,
3547,
1496,
10961,
26,
2361,
1191,
5862,
5124,
7182,
9881,
7478,
7029,
14625,
12269,
5653,
8783,
6321,
11863,
12574,
8549,
14680,
5190,
9239,
9070,
4504,
10717,
10286,
8619,
1334,
13983,
5017,
4286,
3735,
14563,
14988,
6127,
6171,
9981,
7963,
3522,
5365,
470,
9640,
7660,
954,
9233,
8237,
12335,
13949,
12285,
10684,
6126,
12887,
3950,
5852,
4349,
14572,
3982,
14390,
9127,
11487,
8533,
6649,
13019,
7877,
9860,
3946,
340,
12960,
10356,
8440,
9035,
978,
225,
9006,
1780,
463,
10566,
2545,
7006,
3850,
2851,
13569,
13773,
11542,
4668,
8454,
3738,
12914,
2460,
9216,
1891,
6201,
4038,
9755,
10032,
12294,
11493,
1741,
4241,
10617,
7278,
3685,
2243,
4269,
4601,
11721,
12041,
5520,
5252,
2735,
3179,
4223,
9554,
2054,
2449,
4893,
11639,
12326,
12195,
273,
11647,
14536,
6968,
6520,
4402,
1454,
3634,
14517,
2602,
1130,
12601,
4397,
10257,
4384,
3874,
742,
7929,
10089,
11242,
9019,
14248,
5943,
13814,
9922,
5237,
10198,
1273,
1631,
5699,
5376,
3564,
7296,
8956,
8250,
1156,
1302,
13328,
1787,
11453,
13926,
13023,
5280,
3666,
14508,
14889,
12535,
6228,
967,
7279,
1295,
5380,
8206,
3696,
619,
741,
12436,
147,
13897,
1037,
5555,
5571,
7939,
733,
2001,
2092,
5047,
6447,
8959,
4548,
14622,
4313,
7309,
6884,
8649,
5759,
13322,
5194,
6247,
2205,
1215,
4080,
4802,
4466,
13231,
9067,
8131,
6966,
11576,
14153,
7992,
2778,
8043,
7373,
11287,
11382,
1978,
8985,
12801,
8028,
12419,
10373,
9161,
12645,
10503,
1164,
7490,
14412,
13179,
481,
2183,
6105,
5666,
9538,
3783,
4656,
6694,
3396,
5042,
9887,
957,
711,
2547,
6666,
6792,
2305,
766,
1959,
4321,
2473,
8854,
5236,
2015,
14318,
12850,
10663,
8945,
11688,
8720,
11854,
7766,
2914,
2928,
8107,
10001,
7977,
6914,
11634,
14882,
88,
4688,
14465,
10568,
11910,
1846,
12902,
13824,
8340,
10535,
1063,
4572,
13995,
8982,
7987,
9168,
2777,
4983,
10617,
3468,
5656,
5064,
14465,
4159,
9210,
5816,
1772,
7852,
2386,
5677,
13215,
5307,
10739,
9912,
13324,
4783,
4023,
7266,
2780,
13899,
2456,
5921,
8840,
4039,
2562,
2425,
1680,
5430,
4802,
6660,
4616,
14883,
3398,
6121,
14161,
9619,
7523,
13611,
14202,
11557,
13767,
7890,
4642,
2766,
1955,
3950,
2669,
14080,
7485,
8772,
5336,
14390,
9606,
894,
13733,
14495,
2367,
9566,
8046,
2794,
8609,
2754,
13785,
10526,
3680,
5425,
10974,
10334,
11546,
2819,
3689,
1534,
4441,
9594,
854,
3872,
12737,
9756,
3224,
10714,
1801,
8093,
4552,
1146,
4380,
12136,
11601,
12747,
4430,
8396,
3060,
2402,
5131,
14873,
4891,
3110,
10130,
6312,
12242,
14148,
3777,
10600,
8937,
5250,
14432,
4186,
14848,
9763,
5533,
9617,
14534,
11909,
339,
290,
9504,
12131,
9765,
582,
10416,
2091,
3312,
4273,
13693,
9962,
9361,
11173,
5148,
4366,
5885,
7894,
245,
11150,
10522,
11575,
8354,
7617,
7304,
1905,
13524,
13545,
8936,
9716,
428,
2892,
9067,
14215,
1180,
13164,
913,
11006,
6013,
13727,
481,
12125,
6009,
14428,
13103,
14589,
10917,
11576,
8289,
4496,
13845,
2543,
3494,
6142,
8826,
14963,
13152,
10870,
8515,
12500,
14634,
8210,
9170,
11723,
9228,
13381,
5179,
4590,
9994,
10010,
2531,
12385,
10005,
11804,
10887,
9612,
7652,
6820,
11848,
8404,
8945,
9606,
3263,
10345,
2985,
13936,
8872,
6796,
11960,
13381,
14715,
5179,
2334,
10956,
2787,
5043,
9278,
11614,
4674,
974,
12813,
10907,
6,
7072,
1505,
5797,
5011,
9292,
5834,
12079,
3388,
1217,
8424,
11336,
8943,
9339,
3759,
9990,
12016,
11961,
13436,
11881,
13671,
6161,
1176,
11587,
7018,
751,
8469,
4083,
3180,
7852,
10148,
8961,
13915,
10468,
8086,
7145,
12961,
13666,
7514,
10330,
3954,
2804,
14492,
983,
14486,
1821,
7778,
5311,
2513,
1362,
398,
7510,
11247,
5966,
7301,
14626,
7235,
449,
5924,
614,
5297,
4450,
14066,
13340,
10700,
5452,
4378,
2426,
14639,
8073,
6127,
6553,
8838,
12671,
2073,
3969,
7513,
3672,
10804,
167,
5800,
5158,
3575,
7112,
4596,
12515,
12549,
6646,
400,
14095,
6661,
12974,
2813,
11109,
12420,
10000,
13485,
5576,
7615,
12618,
4732,
14825,
1452,
11,
5602,
9121,
13438,
9956,
11627,
1957,
1522,
6916,
10994,
8100,
13346,
11982,
8849,
10084,
13337,
8920,
1897,
14813,
9604,
13285,
1094,
9740,
5737,
9508,
4442,
9468,
8754,
4492,
12707,
7924,
6610,
12033,
7362,
5143,
304,
13062,
2025,
11870,
8227,
10879,
9005,
14057,
13200,
13562,
3379,
158,
11336,
9848,
11778,
14502,
14427,
10181,
7251,
11028,
9665,
11208,
4430,
12243,
9664,
14293,
3249,
1210,
6527,
11540,
8827,
12111,
14035,
3119,
14838,
2710,
4119,
6956,
9055,
2212,
7253,
4833,
11982,
14843,
13422,
4348,
8292,
8606,
11360,
3248,
11710,
9478,
14336,
970,
14674,
9776,
15,
5538,
8399,
5815,
2486,
10489,
8845,
11779,
3776,
8092,
2356,
14860,
14725,
6182,
6203,
979,
12635,
13546,
14842,
8146,
1862,
9705,
14073,
11836,
6105,
1684,
3569,
6156,
2353,
2909,
7588,
10759,
4870,
8198,
6103,
13248,
7848,
14811,
3751,
9825,
2358,
10496,
11944,
300,
7459,
9533,
2870,
13772,
13258,
14671,
11914,
3709,
14327,
9049,
12168,
11945,
10373,
14307,
665,
11722,
14086,
14018,
4937,
1498,
14439,
14360,
5396,
3816,
10290,
10326,
3888,
3833,
12866,
12763,
1829,
2221,
8284,
9535,
4582,
14301,
14193,
8114,
3212,
2736,
10949,
5418,
9810,
5896,
380,
14480,
4705,
5447,
10333,
3402,
10069,
9393,
4550,
7391,
1601,
9196,
6679,
10689,
11707,
9161,
8501,
9380,
2833,
12982,
11319,
90,
6374,
11920,
5629,
2498,
1219,
12938,
5467,
13918,
9348,
4373,
3143,
14076,
3302,
10237,
10170,
6733,
1629,
12032,
2789,
2715,
6846,
14096,
9024,
9792,
11139,
14319,
8139,
14550,
9391,
5265,
12294,
12815,
4506,
10976,
4337,
10133,
9790,
8059,
4247,
5450,
6381,
9038,
11854,
1342,
10281,
6671,
3017,
1752,
3628,
8292,
5006,
3339,
3760,
502,
1399,
9359,
9320,
10668,
6768,
12925,
4084,
3345,
14693,
10425,
5979,
9506,
1853,
3539,
5347,
10409,
7594,
9429,
12645,
13155,
9989,
8532,
11114,
8865,
4573,
6689,
8825,
7150,
5554,
9129,
6883,
4238,
2340,
6982,
14890,
4717,
11628,
13397,
3182,
7238,
964,
2566,
5823,
11354,
3328,
14754,
10866,
5178,
11203,
5167,
8960,
13249,
3770,
4771,
3490,
12117,
4848,
4250,
12024,
10034,
7705,
13678,
12630,
1728,
9995,
3079,
11409,
1999,
4117,
14967,
8551,
10690,
9474,
5149,
452,
11824,
6275,
192,
8938,
13250,
9407,
2156,
2270,
14623,
12902,
3119,
621,
2025,
9988,
2182,
11557,
8179,
14514,
11933,
6402,
6281,
493,
14766,
10057,
8329,
11007,
7295,
1956,
9416,
3703,
12953,
5944,
14262,
13672,
10820,
2109,
6803,
6682,
1052,
12974,
8327,
6553,
5265,
11350,
10164,
8522,
11270,
4748,
668,
6456,
10284,
12189,
5549,
1478,
6886,
2237,
6778,
1924,
834,
7359,
5412,
11849,
5282,
13810,
14391,
8950,
11615,
11959,
3337,
8633,
3756,
9983,
2679,
13986,
584,
14866,
11898,
14382,
516,
11042,
286,
12138,
6511,
5250,
4402,
1504,
2670,
6353,
8724,
8367,
11782,
1233,
14157,
7191,
14931,
4959,
1205,
12970,
7456,
11202,
10975,
6365,
7186,
6200,
1463,
9681,
7763,
13244,
6758,
3066,
5357,
2974,
8930,
10785,
10589,
6184,
14774,
10113,
1052,
6025,
6113,
2814,
5514,
8599,
9573,
12616,
5670,
6014,
11187,
14255,
9170,
7353,
5884,
8569,
14140,
8800,
12168,
7115,
9980,
6225,
13330,
10932,
14329,
12194,
8971,
10272,
12671,
14587,
1686,
4867,
3430,
6619,
14708,
14434,
14499,
12486,
122,
7301,
9195,
13043,
5167,
3556,
11051,
1586,
439,
7839,
11221,
6047,
813,
14776,
12361,
1487,
2321,
8155,
1337,
10889,
5638,
5850,
14762,
4610,
4055,
842,
3397,
12995,
2055,
867,
3833,
1704,
4479,
13314,
14267,
8782,
2391,
8459,
7882,
787,
7978,
7350,
1963,
12966,
8900,
13903,
4321,
11305,
1190,
9359,
13411,
4849,
3572,
9452,
7678,
10144,
1557,
13696,
2291,
2481,
10337,
14290,
12832,
2893,
10944,
9542,
3486,
2844,
7598,
11900,
4934,
6914,
14731,
12911,
9464,
1752,
7285,
7017,
1142,
4463,
2248,
1839,
5400,
4389,
12490,
9203,
405,
14385,
9272,
2166,
6163,
12387,
8858,
3252,
226,
8193,
2230,
14522,
817,
3994,
2163,
11719,
58,
10516,
7149,
8299,
9260,
8862,
8591,
6046,
12405,
2250,
14637,
3520,
2030,
9912,
8106,
6483,
8281,
9292,
4717,
5700,
5199,
8164,
12320,
12963,
4735,
6247,
5131,
14906,
14464,
3611,
6634,
13754,
6943,
9937,
3520,
7980,
5364,
4438,
1580,
4484,
10618,
5887,
10372,
10498,
12442,
2999,
8922,
7842,
4202,
2229,
6834,
10917,
12981,
9576,
14996,
12786,
10102,
11237,
5334,
3685,
14996,
2477,
3619,
947,
14621,
5626,
8347,
8576,
3945,
9893,
8904,
12994,
5034,
1700,
13305,
6528,
2484,
1260,
10410,
12111,
7897,
3564,
7762,
3388,
2721,
8815,
11233,
4021,
10200,
2583,
14555,
12211,
363,
12081,
13279,
878,
5001,
4602,
10088,
14633,
5967,
4453,
3800,
10470,
9108,
14506,
12355,
9998,
11923,
9758,
522,
1585,
12447,
13283,
12505,
10604,
8051,
5052,
12855,
238,
1617,
12733,
8616,
9285,
7204,
3030,
11778,
6772,
12580,
13899,
12860,
6779,
4629,
6734,
12437,
14479,
9107,
3113,
10629,
9439,
10321,
1567,
9744,
13478,
11639,
14007,
11362,
3037,
5291,
12493,
10977,
3346,
4598,
7245,
5007,
2609,
9352,
4849,
977,
589,
10497,
13186,
2313,
9941,
6198,
3423,
9819,
4989,
2069,
296,
1252,
6214,
6338,
2358,
775,
4170,
5930,
13997,
12665,
13132,
6846,
8174,
11891,
17,
3839,
2411,
5558,
448,
9509,
14168,
1144,
11900,
2565,
3068,
14295,
9507,
6919,
1722,
1627,
1378,
559,
3063,
13733,
10524,
7958,
11468,
2037,
12714,
2195,
8824,
9007,
5212,
2391,
972,
11898,
836,
2308,
8412,
3687,
11211,
10992,
14063,
4854,
480,
1860,
5764,
9464,
1967,
8142,
4347,
4319,
11058,
12457,
14660,
1870,
8032,
13626,
1546,
7199,
6517,
7704,
13220,
408,
1960,
2123,
1263,
3124,
6176,
3246,
2469,
10307,
10759,
4903,
12124,
11998,
8057,
4972,
6039,
2392,
7968,
6264,
823,
10053,
7783,
8152,
165,
5617,
13171,
14282,
3533,
14734,
2774,
14564,
1895,
1559,
10815,
7713,
5919,
13796,
2226,
12141,
5825,
10259,
11336,
8238,
8987,
1720,
5808,
2055,
6489,
5633,
6436,
14741,
8747,
13522,
12419,
9236,
14108,
288,
4899,
10009,
7151,
12265,
9121,
13984,
12965,
11818,
8407,
1547,
13688,
2046,
5540,
11997,
2417,
14586,
2439,
10190,
2883,
81,
2484,
13916,
997,
4305,
6368,
1761,
8419,
4276,
9775,
2848,
13028,
8451,
7263,
6450,
3432,
7522,
7097,
5435,
12555,
503,
8541,
4137,
275,
13848,
11612,
11016,
473,
13041,
350,
7393,
11468,
5600,
14799,
3371,
13298,
440,
4626,
12012,
11770,
12400,
13218,
12094,
13456,
3410,
2997,
7518,
13084,
5437,
14525,
14853,
1881,
733,
8210,
3960,
12780,
4825,
7797,
2073,
3297,
5346,
8370,
5381,
6211,
3308,
14250,
13566,
14184,
12435,
12260,
537,
7048,
14403,
6718,
11231,
11644,
934,
7973,
11043,
10261,
5504,
876,
12626,
13808,
1154,
6105,
3516,
961,
484,
912,
9172,
14590,
12185,
1977,
3700,
1168,
12288,
4142,
7955,
13769,
2460,
4048,
6288,
13192,
12993,
781,
207,
9282,
9388,
7969,
13814,
4362,
6603,
10525,
2841,
9564,
13882,
4803,
704,
5837,
5978,
4974,
1915,
9971,
3857,
4255,
4057,
1917,
10235,
8952,
1643,
2005,
10646,
8936,
8787,
5386,
11666,
14875,
6960,
5572,
843,
9282,
9152,
805,
1271,
9108,
14599,
14070,
11680,
6451,
11052,
3030,
8224,
7788,
2292,
10533,
14197,
14966,
1728,
14782,
5999,
8282,
4748,
8782,
4827,
5748,
5220,
3090,
9705,
10677,
4106,
1720,
11481,
1346,
14822,
2614,
7764,
3350,
5075,
6745,
8570,
14140,
14637,
14853,
8985,
11953,
6145,
14123,
14208,
11209,
3493,
13827,
565,
11980,
11885,
1685,
1017,
5960,
10565,
8051,
11798,
4207,
13779,
8209,
834,
12658,
12868,
1327,
844,
2575,
3412,
580,
14664,
14246,
10758,
9045,
12768,
13538,
5484,
13265,
11921,
5005,
13843,
11529,
1994,
8230,
8276,
12350,
14455,
1174,
10242,
8081,
11935,
2794,
6524,
2480,
13301,
1308,
10743,
8959,
14980,
11649,
4419,
8314,
13146,
4277,
9863,
3168,
10113,
3378,
4743,
13408,
12609,
13800,
9456,
7534,
14726,
2999,
6054,
634,
12860,
6249,
532,
5173,
8598,
9231,
5915,
5864,
2063,
6173,
11934,
2414,
653,
1007,
4147,
10396,
3715,
5711,
4698,
7820,
279,
12443,
9708,
7917,
2586,
11386,
9130,
8945,
13104,
3146,
9526,
5978,
14350,
4062,
8731,
8681,
13973,
10683,
12559,
14228,
10302,
3123,
11135,
844,
11729,
1100,
6667,
13048,
11695,
10222,
11977,
2069,
11825,
11812,
5595,
5692,
9355,
12631,
14913,
9564,
77,
5790,
9430,
8173,
13252,
3969,
14358,
14981,
13637,
11080,
5022,
11459,
10045,
14622,
761,
11271,
5667,
1150,
11431,
5961,
5793,
11351,
728,
2016,
5585,
5710,
763,
14390,
8320,
10969,
1549,
6597,
2160,
1595,
6992,
3159,
2167,
12720,
10434,
7852,
3948,
9832,
12327,
9796,
13187,
2143,
12185,
8278,
8178,
419,
318,
3270,
6316,
7559,
9151,
13561,
14208,
12201,
5052,
14811,
6396,
1412,
6086,
1827,
4471,
5397,
405,
14569,
924,
13675,
12991,
1177,
10689,
2169,
478,
6277,
7864,
2720,
12606,
14564,
5547,
10619,
3439,
11262,
1530,
2550,
10151,
8007,
10952,
4915,
7765,
12998,
1245,
8766,
14217,
11286,
6302,
8094,
14469,
14802,
11911,
3559,
11772,
6981,
13368,
11641,
8876,
11987,
575,
6085,
6113,
11567,
13929,
14654,
10860,
6842,
7563,
200,
9168,
10864,
14411,
7638,
6807,
7193,
3529,
14054,
7525,
11440,
6160,
5732,
9320,
10168,
10217,
9053,
4189,
7355,
2771,
6927,
11444,
968,
5635,
14154,
6451,
7820,
6318,
4466,
12159,
13991,
9729,
10135,
7536,
13406,
1742,
5293,
6481,
12291,
3337,
3621,
412,
14387,
9448,
10983,
1270,
8528,
1827,
2610,
8144,
8724,
6423,
2349,
6623,
2119,
5102,
3180,
1664,
12371,
13900,
13692,
1720,
10231,
7902,
11483,
3649,
14366,
13861,
5620,
14762,
3703,
807,
19,
10889,
521,
7994,
4936,
8850,
12598,
3690,
14721,
11187,
2441,
7517,
5277,
7639,
7591,
3585,
11612,
14571,
3956,
13244,
7978,
8167,
14953,
2478,
13313,
6178,
11823,
10066,
11074,
1390,
9262,
5115,
8179,
12796,
8936,
13206,
4045,
10402,
11132,
4770,
6465,
14175,
13745,
4336,
10161,
6401,
13610,
4061,
6837,
9957,
14297,
8882,
8332,
1779,
1518,
13637,
14222,
11526,
2791,
834,
7716,
14290,
815,
6248,
5413,
2655,
7935,
10326,
10148,
1173,
1188,
7779,
9874,
449,
4497,
12798,
7311,
10644,
5673,
10418,
10357,
817,
14145,
10508,
11065,
1469,
7087,
14873,
2963,
1402,
950,
9833,
6131,
4138,
9548,
1684,
7777,
14280,
12110,
12377,
6502,
12611,
11809,
5474,
14216,
4427,
8408,
2345,
11641,
11841,
14264,
12755,
9462,
6550,
12654,
14765,
11200,
3163,
871,
8372,
13283,
10657,
634,
11409,
6012,
6716,
7391,
3994,
7146,
11848,
5733,
5610,
9436,
8917,
6863,
3404,
7338,
3044,
14506,
12075,
3261,
4558,
7428,
5007,
4634,
8,
8948,
3880,
2658,
14748,
5036,
3312,
2755,
14873,
865,
7891,
11456,
11349,
11345,
3230,
1980,
9171,
1530,
1652,
14534,
13069,
575,
4285,
6888,
9486,
10199,
6719,
3920,
6411,
9800,
12166,
13461,
3721,
13898,
7640,
4555,
4201,
5323,
5810,
6727,
5804,
3496,
10959,
1523,
5341,
7511,
13474,
6808,
6585,
4206,
8178,
1249,
6764,
4814,
721,
12302,
4399,
5923,
5151,
305,
13829,
9733,
5424,
4542,
7705,
6428,
11938,
7278,
6460,
9647,
10830,
1592,
12655,
7971,
2307,
204,
12612,
6620,
13429,
8775,
7485,
5153,
11949,
12923,
13813,
8478,
5421,
14864,
6136,
8733,
7540,
1092,
3718,
14876,
11702,
12267,
8168,
8272,
11429,
7671,
1942,
9430,
13085,
5812,
4162,
13707,
14793,
11429,
10798,
247,
13459,
11799,
3559,
10050,
5039,
9852,
7691,
3721,
1881,
12670,
10902,
5438,
6409,
919,
5062,
7569,
8566,
2083,
9753,
2670,
12230,
11470,
12345,
7146,
12266,
11261,
3970,
1881,
1051,
7487,
13762,
8458,
13199,
9301,
6926,
13881,
2834,
3100,
7536,
10708,
1732,
11057,
62,
14423,
12610,
2331,
8337,
2135,
5496,
5307,
13969,
5524,
10571,
9063,
8103,
7160,
9147,
11395,
12260,
266,
5321,
12870,
12879,
10101,
2368,
3820,
13275,
13716,
10075,
8499,
4957,
5272,
8450,
14289,
12520,
11227,
1108,
14610,
9728,
5086,
13080,
6027,
11413,
7461,
8157,
8611,
3855,
4823,
14400,
10334,
6695,
4421,
4840,
1372,
5422,
2992,
9410,
4692,
13361,
10566,
12872,
11415,
1092,
4568,
14225,
4492,
3918,
4000,
1220,
2148,
1739,
9569,
13545,
3708,
10424,
7044,
7844,
9752,
1786,
4385,
8653,
13600,
13568,
10844,
13562,
14249,
1806,
2767,
7701,
1351,
3108,
14372,
12678,
12018,
1562,
13184,
9411,
8858,
8502,
57,
5667,
9269,
4506,
531,
12850,
9847,
14795,
13088,
5941,
5436,
4253,
11516,
3715,
11455,
3354,
3164,
10231,
10368,
10223,
2143,
2041,
10476,
10514,
9177,
13016,
3867,
9467,
4831,
12980,
14087,
6486,
4427,
3373,
13106,
9706,
1247,
10106,
7151,
14487,
13412,
1506,
13807,
10225,
10632,
1866,
3627,
9313,
9870,
14950,
6739,
3114,
13946,
13300,
11985,
2753,
8661,
9024,
8235,
8032,
3961,
10368,
11497,
12395,
5951,
935,
2187,
6479,
6892,
6570,
1789,
4384,
9101,
12535,
5043,
12413,
5840,
6308,
1661,
6430,
12091,
9091,
4150,
8779,
6875,
2120,
9089,
1500,
6519,
14748,
13231,
5786,
13842,
11334,
2601,
3074,
9690,
1817,
9478,
4365,
3617,
8961,
1233,
3062,
14398,
13842,
8154,
13394,
13410,
2307,
6876,
5144,
4615,
12841,
7767,
10418,
13050,
6702,
10362,
10347,
10612,
3927,
2156,
14304,
2255,
13600,
11726,
13867,
2629,
14392,
3423,
1678,
8125,
4357,
2306,
1029,
933,
11285,
1056,
9537,
13337,
7674,
1591,
14070,
2455,
1759,
1143,
5554,
12551,
11832,
14398,
10892,
9686,
13920,
11949,
7348,
8699,
13020,
12646,
10230,
7895,
8094,
1561,
6831,
8173,
11345,
7290,
598,
13219,
13499,
6053,
4474,
12590,
10113,
12314,
11385,
82,
9172,
7823,
6593,
11018,
14735,
13298,
724,
6605,
5428,
1000,
10220,
14243,
14186,
4958,
10624,
5124,
11244,
9076,
8858,
2067,
4359,
3094,
1054,
10436,
4811,
13406,
1416,
4659,
423,
343,
3495,
2184,
4168,
5943,
5911,
1015,
6849,
1309,
4241,
2694,
6498,
11550,
5234,
11427,
6641,
9910,
3864,
287,
85,
14519,
6252,
3133,
3799,
10401,
10896,
3431,
10723,
13436,
4894,
12277,
3391,
9610,
14352,
6157,
1087,
9372,
1957,
8122,
8089,
8495,
401,
5011,
14664,
9781,
14605,
13991,
11965,
5711,
12566,
1557,
13787,
12773,
5460,
7348,
8291,
1165,
13745,
8820,
9930,
10822,
2864,
13860,
10609,
2210,
7140,
9186,
1315,
5372,
2480,
1615,
5572,
13378,
1648,
14598,
5520,
576,
11016,
8884,
5222,
6221,
195,
6354,
2221,
994,
7357,
12716,
10922,
3988,
4797,
12171,
13715,
14641,
6324,
11787,
5288,
7977,
3867,
285,
10731,
10332,
5436,
6821,
13492,
14133,
1157,
13579,
12375,
69,
6219,
2847,
3678,
11505,
14404,
12418,
8032,
2120,
13300,
275,
6370,
8499,
4504,
12564,
1063,
5852,
12460,
2446,
13974,
10707,
10078,
6197,
10847,
4684,
9251,
14475,
6321,
7047,
12504,
11084,
3299,
5770,
5268,
1277,
12698,
5892,
3512,
8269,
5025,
257,
5056,
4704,
89,
10978,
5772,
9490,
3303,
12293,
13404,
12841,
3031,
10760,
7369,
12508,
8745,
483,
3329,
3646,
10375,
9490,
2893,
14729,
5409,
10517,
5028,
7314,
10996,
10484,
7471,
4244,
12474,
1345,
925,
13302,
5276,
2798,
6810,
4264,
14697,
5007,
8,
6304,
1177,
8595,
14767,
12083,
8916,
595,
10952,
1613,
4724,
7693,
10295,
13749,
6371,
11400,
1276,
13101,
2574,
12101,
6516,
5888,
8930,
9459,
5072,
7564,
2626,
7811,
12193,
3864,
14501,
6948,
14598,
10685,
6974,
13378,
13215,
12620,
6654,
9874,
6403,
4542,
541,
3929,
8583,
12772,
12835,
792,
10176,
953,
14970,
4299,
7037,
13675,
7153,
10271,
14994,
9576,
54,
2482,
4595,
1797,
10958,
16,
5842,
11407,
13772,
9242,
1988,
13351,
13024,
5733,
12377,
14924,
11278,
6108,
11775,
13268,
6966,
4058,
798,
7535,
12527,
3891,
14436,
3035,
14012,
3998,
2873,
10016,
4652,
597,
6897,
10933,
3269,
7511,
12479,
5165,
4995,
11752,
5687,
11512,
10828,
5241,
8240,
11930,
9043,
9490,
9993,
3651,
9328,
5437,
9347,
11144,
2407,
4930,
612,
6107,
10333,
9090,
7698,
338,
10060,
3490,
1989,
2341,
7596,
764,
7598,
14675,
8045,
324,
112,
279,
2655,
10964,
12552,
1697,
14710,
6221,
8510,
268,
210,
14829,
10889,
8770,
14677,
2555,
6163,
10764,
11898,
12605,
6823,
1158,
11186,
12499,
10095,
6765,
10361,
6641,
197,
2669,
52,
3913,
3375,
9980,
162,
3256,
7071,
8526,
8902,
12941,
8935,
7702,
10941,
4459,
3098,
8899,
10845,
2522,
5505,
12256,
1846,
2176,
13868,
13494,
5858,
7363,
6532,
9471,
7553,
2001,
4795,
10351,
11187,
1708,
7926,
4201,
8373,
11342,
519,
7225,
13869,
7005,
9358,
14813,
10174,
1087,
2369,
4071,
7748,
1338,
1736,
3120,
8403,
6236,
4923,
10600,
14105,
800,
5375,
12232,
5743,
8371,
4226,
8467,
10055,
11430,
2400,
4929,
13570,
2950,
7218,
5127,
10733,
13987,
9003,
13778,
13898,
12934,
13362,
13452,
13748,
5816,
11190,
1496,
4604,
263,
10797,
8542,
12610,
9246,
11696,
6199,
3192,
8464,
4394,
7431,
5194,
6782,
1121,
10301,
3268,
8937,
1726,
3676,
4978,
223,
5910,
11172,
4420,
3402,
8725,
5075,
9471,
2351,
911,
1684,
12823,
5738,
13545,
11087,
12266,
957,
14792,
13155,
4548,
486,
10533,
11471,
11263,
7033,
7919,
1613,
10834,
6318,
14712,
13557,
3155,
14551,
13665,
10553,
468,
9040,
4332,
10874,
2813,
10520,
6200,
7417,
2298,
1815,
14836,
2510,
13434,
5016,
1820,
1686,
13567,
7142,
5656,
1514,
4029,
1102,
14541,
3191,
11033,
3764,
6390,
13891,
13173,
14413,
4231,
11418,
10822,
4556,
4918,
13922,
2169,
7870,
5627,
8618,
3086,
12564,
5262,
68,
6983,
8883,
10328,
167,
6445,
7103,
6573,
11883,
8336,
1918,
7885,
1679,
3112,
10831,
14342,
1290,
6792,
7672,
9578,
4328,
6819,
8581,
13332,
2129,
8159,
10651,
3909,
4991,
4086,
13831,
9745,
4578,
5085,
9780,
3493,
7434,
14241,
8919,
10062,
11837,
4418,
2632,
14637,
8955,
11393,
1146,
4662,
2494,
6886,
14800,
4936,
12539,
4348,
14834,
9624,
11090,
2509,
7628,
12181,
9358,
9970,
8297,
6618,
10644,
12364,
8163,
14286,
3913,
1921,
1451,
14085,
10088,
5252,
4981,
212,
10691,
638,
1059,
5519,
13463,
540,
8247,
5432,
1442,
14307,
7245,
3123,
1303,
13560,
6435,
680,
5843,
9648,
1520,
9373,
4910,
7199,
9961,
2996,
706,
6676,
8544,
1837,
14545,
5729,
7628,
12629,
2016,
2870,
9639,
1832,
6022,
12737,
1484,
5731,
3511,
10828,
149,
13433,
13410,
10211,
10392,
7985,
3729,
14199,
3794,
10405,
7892,
4391,
1491,
5265,
5660,
11811,
10506,
906,
344,
6680,
11287,
1362,
9593,
13387,
8925,
14304,
12114,
361,
11039,
8507,
14318,
5795,
10749,
10594,
7845,
2703,
2893,
4486,
11660,
2565,
6189,
9739,
6251,
8281,
13657,
5984,
8336,
5901,
7031,
5173,
9397,
11722,
8531,
5488,
11755,
10100,
1924,
14017,
3129,
5906,
10144,
4923,
362,
2736,
8091,
2481,
10758,
7696,
4810,
13710,
9648,
14578,
1850,
14840,
11761,
6719,
137,
13048,
7487,
11800,
14644,
5147,
14902,
6877,
14660,
3258,
6617,
13421,
6117,
5406,
11757,
9397,
5720,
12879,
5709,
10174,
12201,
11259,
7489,
1705,
10114,
3436,
8829,
9274,
9072,
6487,
1941,
14325,
893,
2530,
14859,
1694,
5082,
8635,
8621,
5467,
380,
4120,
12276,
3159,
2459,
10666,
7633,
2340,
6097,
5918,
3225,
3096,
10889,
5917,
8798,
12188,
10641,
11948,
12115,
2357,
8501,
5327,
1493,
10321,
6193,
616,
4927,
9980,
11048,
7949,
12522,
2642,
10803,
6969,
3501,
11364,
4051,
9174,
12797,
11443,
10185,
1463,
6641,
11273,
8974,
11753,
12648,
2403,
10461,
9460,
10196,
9944,
6892,
9627,
9727,
7149,
5599,
4132,
4196,
10346,
9536,
4879,
3440,
7859,
9069,
6488,
5405,
2595,
1720,
3218,
6888,
2962,
9844,
4370,
11503,
13051,
2183,
9566,
1690,
7489,
5634,
5906,
5098,
7900,
14528,
12124,
1039,
11562,
2313,
1800,
834,
9830,
14988,
3641,
158,
9461,
10638,
2391,
10255,
13117,
12824,
3488,
6512,
9754,
6638,
8532,
8400,
5135,
3150,
12634,
11597,
10070,
4473,
11040,
9948,
14691,
10745,
14230,
10251,
6963,
902,
4303,
14724,
8212,
3761,
12101,
4194,
12115,
11499,
6204,
14492,
3221,
8270,
10011,
8713,
267,
8085,
10244,
9146,
6928,
1229,
7813,
8086,
10449,
5154,
13741,
8697,
2705,
7617,
11004,
13946,
5631,
6584,
13144,
2830,
9864,
882,
11375,
3933,
8153,
13314,
7575,
2019,
7455,
5516,
1337,
4985,
8350,
679,
7207,
128,
9661,
2935,
10574,
11090,
12103,
8714,
7190,
10075,
7700,
13283,
14783,
8072,
7636,
874,
6945,
137,
12358,
5855,
11057,
8234,
11506,
11331,
7566,
4665,
5365,
4773,
11941,
12720,
8297,
7644,
1400,
4530,
2331,
12713,
6860,
9841,
7721,
2806,
2688,
3573,
9939,
11490,
9420,
12254,
3448,
2051,
12256,
2394,
6065,
3316,
3761,
739,
10947,
2771,
390,
2670,
2864,
13418,
1463,
9734,
7862,
1187,
11701,
1812,
2395,
2285,
69,
3460,
107,
2156,
6766,
8123,
1639,
8757,
7902,
4999,
14480,
14421,
14917,
3837,
14470,
5001,
11436,
10478,
2054,
12602,
8265,
6102,
9478,
6517,
5489,
5650,
5581,
7502,
6718,
9165,
12717,
9934,
11097,
12337,
4636,
702,
1397,
1858,
8655,
3418,
6637,
12078,
4040,
11678,
10205,
8986,
7666,
14845,
2164,
14426,
14356,
9378,
4788,
2569,
4092,
5219,
10936,
14601,
6088,
13370,
8708,
12415,
12211,
10172,
9512,
6083,
3971,
4028,
4320,
13036,
9695,
3968,
1096,
9891,
10311,
8161,
11525,
7382,
1714,
4004,
845,
7401,
2420,
4686,
3862,
4964,
11230,
13910,
6747,
14604,
2047,
2847,
78,
837,
7034,
13418,
745,
10812,
11701,
9453,
7957,
4921,
814,
2611,
3739,
10660,
14357,
5455,
11732,
13099,
1426,
6750,
873,
167,
4492,
13870,
7028,
8341,
8774,
1760,
10846,
724,
7778,
3824,
4889,
13867,
13063,
1444,
8392,
4852,
13628,
11908,
663,
14180,
4246,
10983,
2656,
8460,
1579,
12267,
6449,
12635,
8230,
11832,
358,
174,
4469,
5769,
462,
13376,
6155,
1560,
5881,
3473,
14896,
10842,
12307,
9898,
8123,
5288,
13454,
9691,
11942,
10852,
4115,
1345,
3319,
5373,
13808,
10432,
14835,
4875,
11668,
6822,
11818,
8194,
2366,
10299,
3776,
14856,
14898,
4233,
3232,
10342,
3912,
8662,
8945,
14296,
10272,
4106,
239,
4060,
8769,
11488,
5648,
1296,
4641,
9126,
13389,
13527,
4007,
803,
14138,
6187,
11514,
11203,
7356,
11158,
9670,
2949,
6559,
1232,
171,
4027,
12726,
533,
4736,
10885,
11794,
11740,
8624,
2903,
2975,
9521,
8928,
13182,
4796,
2055,
9964,
13933,
619,
330,
13683,
11538,
6067,
14338,
14525,
2040,
1395,
9379,
2980,
9761,
12760,
2965,
2276,
3923,
1329,
6549,
12980,
13095,
157,
11250,
8898,
5977,
9633,
12257,
8045,
4899,
4983,
8897,
4458,
2411,
9406,
13027,
1000,
12017,
13951,
578,
4987,
11555,
12230,
9457,
1225,
9775,
7597,
12139,
2278,
11969,
3444,
11536,
5514,
2437,
3262,
14076,
3674,
2227,
10727,
6387,
2626,
4589,
5955,
12931,
4834,
7996,
6664,
14662,
3290,
14224,
12817,
12516,
6635,
5357,
11495,
6129,
12349,
4934,
767,
4975,
139,
271,
12,
3402,
6699,
12306,
13558,
10618,
272,
4443,
13958,
9237,
5135,
14993,
14792,
11227,
1771,
7761,
7553,
13007,
9870,
7982,
13261,
7242,
634,
7064,
8464,
13943,
11010,
2893,
1198,
14709,
9773,
13131,
3282,
9820,
1603,
5885,
8669,
13166,
8079,
7052,
7404,
11487,
12862,
7649,
7379,
10733,
11307,
5861,
3445,
1162,
6163,
309,
10462,
7717,
13471,
11252,
14703,
12273,
6994,
12177,
9992,
6504,
12715,
8467,
12887,
10000,
8144,
14627,
8860,
7947,
8497,
6584,
10540,
7623,
968,
8821,
4644,
1459,
8472,
14091,
2596,
10452,
837,
13405,
14758,
14215,
621,
9554,
7294,
12445,
827,
5820,
14922,
5791,
3450,
6028,
6789,
13743,
778,
1303,
9439,
11196,
13851,
3185,
3747,
12375,
9155,
3790,
6781,
13218,
14064,
6119,
1631,
7015,
14522,
6060,
7092,
7621,
5533,
6158,
7991,
6013,
3943,
5552,
8013,
725,
9528,
13591,
232,
1018,
2404,
4324,
504,
7006,
9966,
6671,
10902,
10620,
7612,
12131,
6009,
13495,
14896,
6768,
11776,
10716,
3212,
11932,
11558,
3611,
4447,
1866,
13860,
3719,
8725,
269,
5785,
5074,
5099,
11302,
2613,
12859,
13291,
817,
5953,
11588,
1565,
1451,
6938,
4627,
6539,
14785,
12727,
5945,
5962,
5713,
6099,
618,
6760,
7162,
1309,
9797,
438,
6989,
8781,
14089,
5280,
1889,
4751,
13355,
3603,
12948,
2985,
13423,
6895,
13292,
6237,
11893,
13881,
11072,
11866,
280,
3061,
913,
5843,
3556,
5119,
5830,
8063,
1804,
14430,
13864,
3084,
10095,
12993,
7963,
8888,
14619,
1699,
10032,
2953,
3121,
4049,
3018,
1185,
2365,
324,
14719,
8912,
7950,
9296,
3637,
12467,
6502,
13599,
13202,
12847,
11926,
14300,
1311,
1371,
13619,
2097,
13641,
12485,
5378,
9406,
14690,
11257,
2651,
8124,
928,
14982,
5181,
9566,
3627,
1318,
8949,
2500,
9570,
13957,
4815,
388,
2733,
10005,
6213,
4705,
4813,
7531,
7191,
9599,
6196,
2064,
698,
3519,
10248,
12172,
245,
13110,
2860,
14514,
10004,
5988,
6386,
14491,
2283,
3059,
12896,
3065,
4176,
588,
13771,
6640,
14322,
9306,
14618,
3726,
10626,
9506,
2083,
14362,
1614,
13624,
14988,
2514,
7319,
4161,
11503,
8224,
1774,
4427,
5895,
5786,
1889,
9109,
2556,
12688,
9546,
1919,
6399,
4759,
1637,
12417,
10740,
4067,
2033,
14971,
6505,
2199,
8182,
12976,
6113,
4684,
4209,
7268,
11060,
7515,
13500,
12950,
3203,
9185,
3166,
11922,
2267,
9410,
3259,
11424,
7027,
10083,
4271,
971,
12748,
5027,
179,
1065,
10544,
5177,
4060,
7770,
5465,
14299,
7399,
13195,
6000,
6506,
13485,
6780,
3380,
8449,
14372,
12518,
3277,
1051,
990,
14372,
14020,
9648,
4547,
2851,
5755,
3253,
13844,
9182,
6544,
11156,
1236,
491,
10573,
2901,
10729,
1288,
14949,
823,
5470,
3043,
4839,
3529,
12062,
8860,
6027,
2911,
1585,
12673,
2387,
3318,
11229,
5535,
1957,
1195,
10649,
1051,
9843,
7170,
11840,
4019,
2827,
1401,
1949,
5439,
3564,
9766,
4574,
2781,
12898,
7765,
13338,
14337,
10427,
1232,
2568,
10672,
4333,
4507,
6367,
3532,
8796,
913,
998,
1939,
12190,
8604,
11973,
2790,
1178,
8461,
9663,
7721,
14813,
6186,
7393,
11863,
281,
5069,
10897,
11058,
4895,
9128,
3216,
4379,
13604,
7965,
11371,
10225,
8348,
10506,
12732,
14607,
1596,
1782,
13584,
4291,
3026,
14779,
9861,
858,
14353,
3621,
735,
12481,
8576,
13626,
14321,
5597,
8261,
9197,
12917,
856,
10322,
8919,
12952,
3466,
1425,
13058,
8609,
11334,
4964,
13351,
3753,
13125,
7806,
7804,
3044,
3419,
4847,
1315,
8717,
12586,
3247,
6589,
5124,
1806,
8064,
3543,
7982,
10240,
13669,
3001,
14725,
11853,
9158,
2044,
3928,
11153,
4798,
10478,
5732,
2690,
12109,
7694,
2032,
7905,
3691,
12269,
10720,
13712,
8918,
9268,
584,
4104,
6390,
1167,
3057,
11299,
13092,
8317,
2559,
5096,
12299,
14483,
13320,
4034,
9001,
8047,
11809,
3089,
14681,
10229,
1030,
7657,
6537,
13179,
12421,
4968,
441,
11875,
7813,
14387,
3726,
10368,
9581,
9427,
13769,
9275,
2953,
9979,
5931,
2327,
14462,
11533,
6655,
14043,
5827,
8985,
10630,
13650,
3214,
1421,
4528,
5654,
8081,
3129,
13969,
4223,
9373,
9355,
1659,
14689,
9667,
5386,
14582,
2538,
7760,
11193,
4730,
1383,
9893,
8957,
555,
703,
591,
2205,
10335,
12090,
12264,
3278,
2942,
6712,
12494,
6947,
3857,
12965,
8082,
5440,
11631,
5744,
13247,
4160,
6338,
1842,
6434,
5897,
7542,
4630,
1218,
14032,
4320,
13834,
4197,
6319,
11140,
1519,
12730,
8117,
7006,
10012,
8787,
78,
4790,
12908,
12192,
11378,
14954,
7061,
14443,
3378,
6511,
5565,
13900,
11167,
1390,
8696,
9914,
3186,
1366,
11066,
368,
4037,
12040,
2901,
10221,
4466,
7690,
8062,
14712,
6690,
10765,
883,
11522,
12710,
9161,
2344,
10943,
7266,
10098,
10518,
8150,
386,
14848,
12948,
1456,
12474,
11084,
14065,
12204,
14701,
10066,
3712,
10305,
11529,
14876,
7163,
13303,
1460,
4669,
9336,
4561,
4583,
10206,
12616,
6439,
2978,
12045,
11879,
11956,
10874,
12148,
502,
4291,
6531,
571,
2941,
540,
1389,
1227,
1966,
1485,
14335,
9316,
1484,
6338,
5296,
4575,
9805,
2373,
4165,
2348,
9091,
3116,
12442,
12118,
5046,
4111,
2009,
12483,
12076,
2474,
1149,
11185,
13904,
418,
499,
2718,
3555,
1926,
5958,
2617,
10811,
10775,
12009,
7560,
6536,
185,
11206,
9056,
11403,
10953,
7969,
1755,
10279,
5913,
9433,
10892,
8225,
2203,
3773,
13746,
7993,
8622,
2397,
6397,
5338,
7498,
2092,
6365,
1897,
8482,
1413,
5892,
205,
10152,
1867,
9812,
870,
9232,
12669,
2255,
5365,
8597,
14000,
8938,
4641,
10172,
971,
9838,
3611,
3805,
11925,
2174,
9804,
4785,
3675,
5919,
249,
906,
9820,
14125,
4598,
2869,
9592,
6796,
12401,
11083,
886,
293,
2322,
2393,
11533,
1980,
707,
2393,
12995,
13254,
13329,
3605,
9676,
10310,
2424,
919,
6181,
8053,
5393,
4062,
594,
6391,
10851,
5890,
13832,
8707,
4107,
2329,
7890,
9902,
7823,
6393,
552,
6502,
13342,
5515,
10006,
7228,
13138,
2883,
4932,
2147,
2376,
11883,
1455,
3383,
9539,
10613,
9862,
2344,
4098,
12350,
10779,
13831,
5523,
4265,
2580,
2622,
1577,
2460,
2972,
11270,
14626,
10608,
9763,
678,
387,
7965,
4552,
9319,
1713,
14933,
8317,
13578,
4854,
3852,
2035,
8198,
1860,
5526,
240,
6987,
4139,
6946,
12758,
5133,
12218,
6816,
5317,
11308,
4033,
11958,
13406,
6426,
13205,
12364,
1238,
12670,
12270,
10621,
10386,
13627,
4947,
3435,
4599,
1016,
10387,
3896,
10331,
2457,
14484,
9414,
661,
2435,
712,
4325,
1464,
1890,
6985,
13771,
13659,
3845,
12922,
13001,
1803,
2328,
9716,
7894,
653,
12998,
12059,
11787,
8454,
9446,
5887,
7345,
13398,
749,
5142,
13308,
766,
1724,
12770,
13467,
4393,
11682,
9137,
14873,
1046,
12999,
2184,
3020,
4781,
12638,
4670,
7123,
4732,
5276,
11349,
8956,
3506,
1553,
4820,
5469,
8359,
7060,
896,
13120,
1675,
2,
13149,
1411,
10586,
956,
12610,
1946,
8937,
9537,
975,
3633,
7467,
3911,
10209,
268,
12846,
1126,
11725,
9468,
3653,
471,
7332,
5358,
6943,
3364,
5482,
13434,
12196,
6830,
3899,
3648,
10387,
12984,
11587,
1341,
14177,
13980,
1311,
3880,
1193,
2595,
6431,
6960,
8230,
13539,
6703,
14898,
685,
10542,
6558,
11453,
6458,
137,
14770,
9318,
7251,
8914,
13311,
8965,
5688,
3634,
4999,
1997,
5532,
1702,
4781,
9926,
14006,
9178,
1308,
13450,
3779,
7421,
415,
6089,
5198,
12535,
11852,
7016,
2081,
12145,
2934,
399,
1080,
3572,
9002,
9079,
2970,
10166,
1457,
9510,
7929,
10928,
11816,
1681,
6571,
12113,
6768,
1659,
8364,
7203,
9485,
4866,
10325,
4736,
9217,
11908,
12116,
2253,
12115,
2634,
13226,
13174,
8779,
4559,
3011,
9379,
14144,
6049,
11290,
13485,
1783,
3116,
11446,
673,
1192,
2868,
2450,
6611,
5872,
1291,
12362,
2293,
1328,
8902,
9247,
8087,
12457,
9932,
13142,
951,
13391,
2212,
14621,
3670,
6449,
12650,
7976,
14540,
12310,
7682,
14132,
10301,
14016,
7052,
14022,
2213,
14520,
12234,
12925,
13871,
11722,
3440,
13248,
9428,
6053,
5914,
6545,
13293,
5993,
7732,
10879,
4380,
13370,
2219,
11885,
12632,
6876,
8088,
6042,
9812,
4712,
5442,
10269,
11411,
432,
13139,
2524,
11093,
10928,
11402,
1140,
12429,
1045,
6905,
10793,
12143,
11074,
1380,
14791,
13945,
12947,
413,
5002,
4804,
6964,
9139,
12363,
8284,
2312,
2729,
7540,
3355,
3395,
3187,
14916,
8128,
12472,
1504,
7524,
14526,
4206,
4347,
7356,
11878,
973,
7138,
8184,
5471,
2665,
10983,
14069,
1656,
6572,
2244,
6659,
428,
11620,
10224,
11751,
13461,
11029,
11261,
2181,
7051,
4536,
11859,
3901,
2993,
72,
11107,
12051,
7155,
1179,
9033,
7618,
7128,
12366,
4205,
7449,
1015,
12629,
9059,
5698,
1374,
8715,
2008,
4935,
1328,
2139,
8648,
9509,
10849,
6481,
1032,
14834,
10111,
6097,
11247,
10137,
1331,
10615,
4972,
10917,
2253,
12394,
1577,
14664,
5000,
7010,
3363,
5794,
7941,
8180,
14899,
3616,
387,
9800,
1720,
3353,
10871,
2124,
9135,
14253,
13833,
11073,
13543,
1780,
2268,
1180,
12227,
13880,
14248,
13525,
11280,
3163,
4142,
12843,
13604,
809,
8279,
10211,
6342,
14587,
2001,
11641,
10216,
799,
5742,
14398,
2988,
6019,
7627,
7581,
2988,
2933,
9372,
11022,
12301,
1439,
12711,
14743,
9947,
2295,
2330,
8843,
7705,
11945,
9341,
11291,
5727,
12912,
4161,
8968,
8643,
8031,
2969,
2884,
2665,
4371,
13281,
12760,
9028,
13262,
12558,
4082,
14193,
8015,
5229,
2081,
8408,
14516,
10052,
10438,
5968,
12741,
10112,
14434,
4957,
7786,
1652,
4472,
10769,
5044,
5516,
5657,
4137,
3017,
11320,
11856,
13607,
14571,
11926,
5269,
9936,
6810,
3372,
8202,
3226,
14660,
12993,
7918,
4250,
4572,
11427,
10069,
3417,
2725,
9330,
9030,
7533,
2166,
1164,
1767,
4137,
13707,
8728,
12543,
9040,
2791,
59,
5612,
6488,
1546,
12440,
4013,
6286,
610,
11894,
3303,
931,
7707,
14831,
7829,
11326,
5355,
13443,
10281,
12422,
5484,
14432,
11365,
12685,
8259,
3668,
3441,
13880,
14889,
7037,
9784,
12700,
523,
4869,
7971,
10189,
13659,
9818,
9642,
3366,
12317,
11341,
12478,
10800,
4050,
8681,
573,
2902,
940,
1234,
5446,
7734,
8057,
12459,
11297,
6648,
2568,
124,
7214,
1651,
2024,
4625,
7048,
328,
8144,
7570,
6049,
3598,
8017,
13862,
2826,
3947,
1086,
5974,
14834,
2470,
12716,
685,
10633,
3963,
8682,
10879,
14000,
13960,
13196,
6647,
768,
11032,
11209,
10911,
1773,
7098,
1978,
11194,
13746,
2889,
3865,
13856,
6591,
14359,
522,
14639,
7818,
3187,
3077,
11550,
11806,
6800,
7722,
14065,
7217,
5435,
2977,
11632,
13927,
6573,
8526,
4984,
6129,
316,
5724,
11665,
11034,
6235,
7362,
6805,
8417,
55,
9692,
4154,
8780,
1510,
14250,
12270,
3511,
5310,
5617,
12407,
13340,
146,
982,
10529,
7666,
14150,
11628,
14663,
11080,
5684,
14609,
2960,
12211,
5001,
705,
3732,
7298,
13840,
11618,
5590,
11745,
12860,
4726,
14751,
4584,
6125,
7956,
2259,
3255,
4871,
535,
2699,
1035,
2936,
2843,
4983,
6259,
3435,
11848,
9167,
10964,
4470,
5911,
6480,
4422,
1598,
2951,
11749,
12802,
8962,
11882,
3076,
10130,
6909,
4599,
12526,
7913,
4672,
12091,
8840,
8015,
6065,
2621,
12231,
11491,
916,
12516,
5273,
11284,
4486,
5905,
9030,
5083,
5819,
12159,
10523,
7962,
14420,
1145,
12334,
14720,
208,
10175,
1178,
394,
5743,
7961,
14677,
5171,
8736,
4386,
9634,
14067,
3902,
3582,
9683,
893,
2832,
9953,
7452,
9489,
4978,
13496,
3953,
9451,
6320,
5655,
3532,
13124,
11038,
7765,
12144,
10834,
14137,
12431,
3581,
7312,
369,
4915,
4355,
8442,
9530,
507,
8256,
4260,
1444,
13665,
7341,
7755,
2028,
2986,
3811,
6097,
9406,
11353,
11976,
12179,
6893,
13529,
834,
5258,
475,
3238,
14664,
13741,
2730,
3653,
3944,
8394,
13689,
613,
9884,
832,
10911,
1155,
248,
2214,
12079,
5297,
5440,
11438,
9475,
678,
772,
2152,
8913,
7331,
4625,
8049,
13043,
6206,
2960,
255,
2789,
6521,
1594,
7792,
2635,
10805,
12913,
14382,
13546,
7392,
9413,
6436,
9736,
12059,
13816,
11710,
7724,
1013,
10793,
7723,
1116,
10706,
8822,
7860,
3887,
4045,
5400,
3178,
13055,
3716,
9108,
10614,
9654,
4316,
2083,
4198,
10929,
2738,
12932,
11374,
10662,
5570,
1718,
7973,
1470,
10873,
14059,
9879,
6387,
11223,
7070,
4533,
13055,
14079,
4356,
2614,
6463,
602,
843,
4462,
7387,
3694,
994,
7853,
10850,
13192,
5154,
5312,
7497,
7624,
3162,
14471,
1571,
5621,
12565,
14265,
3403,
12634,
9790,
10604,
14574,
8358,
9831,
10298,
8736,
12316,
11973,
5297,
7213,
6277,
4003,
3423,
4280,
9965,
3983,
3907,
11277,
7502,
7798,
2807,
14823,
6553,
393,
9368,
8973,
10789,
14522,
2960,
8367,
5468,
9518,
1947,
4642,
1770,
14855,
11822,
10138,
1233,
7219,
5020,
2754,
4330,
5863,
1653,
12423,
5929,
10757,
7365,
14518,
13862,
9000,
2320,
4846,
14750,
12296,
7479,
1079,
9893,
4028,
355,
1749,
5472,
9207,
8809,
12198,
6711,
12554,
11053,
9495,
13633,
8574,
3624,
10523,
9340,
12021,
9131,
5048,
3913,
12381,
5257,
13442,
12819,
7380,
3099,
11351,
11766,
112,
5866,
275,
7045,
10150,
8559,
8279,
6731,
2492,
6759,
7694,
10170,
12208,
10752,
11219,
6814,
11562,
565,
9019,
10421,
10027,
5245,
3096,
10043,
12792,
5266,
2913,
6075,
1683,
11011,
3077,
3529,
9533,
7648,
9482,
4703,
1528,
2858,
4959,
1049,
3767,
3584,
1887,
2194,
10645,
6336,
5705,
12193,
7157,
9495,
8005,
5725,
5981,
11980,
12723,
7129,
470,
10367,
12045,
11067,
12777,
7270,
3836,
2058,
