3465,
7004,
14109,
3340,
13620,
12190,
13971,
8202,
2708,
11811,
10901,
9367,
1387,
5452,
12787,
7967,
1238,
7146,
6888,
1349,
12426,
13722,
12539,
5802,
14495,
6472,
3467,
1189,
3699,
4451,
2429,
10423,
8271,
5250,
13261,
10887,
9230,
10162,
790,
8692,
13572,
8885,
14047,
7075,
12115,
10491,
2201,
10263,
14274,
12004,
7689,
1669,
12428,
4323,
9563,
13640,
9847,
13584,
11575,
7899,
2763,
3534,
64,
4038,
12225,
2792,
423,
11188,
4317,
9927,
14402,
4497,
14005,
11685,
13362,
8063,
3406,
10285,
9019,
8776,
3730,
2444,
6958,
8646,
12661,
8633,
4274,
3430,
6404,
1249,
3067,
14427,
13179,
5350,
7338,
7944,
249,
12685,
5972,
10026,
2868,
10715,
1424,
10122,
519,
5618,
14620,
14440,
13947,
6784,
6315,
12758,
4950,
12006,
8639,
373,
7433,
2896,
6219,
9533,
8335,
11357,
12795,
10096,
13267,
4752,
11885,
13992,
7126,
7887,
12565,
6634,
7247,
12775,
55,
10744,
2723,
6191,
13122,
13739,
2882,
10095,
5858,
11059,
11962,
12454,
13591,
3217,
109,
8394,
9479,
5100,
321,
5464,
1111,
81,
7857,
1878,
4416,
13616,
1420,
11939,
13229,
9035,
10633,
7042,
9277,
6610,
7586,
8393,
3705,
4508,
11739,
170,
8907,
2023,
9646,
11822,
3677,
13497,
10117,
1184,
5170,
4786,
10860,
7671,
3207,
6771,
10674,
9073,
9016,
14704,
3387,
2270,
179,
25,
871,
4509,
11234,
14207,
7690,
7984,
3757,
14849,
9300,
4128,
13942,
10650,
2022,
11714,
1722,
540,
118,
10982,
5316,
6010,
7070,
851,
2508,
1658,
11400,
3012,
1447,
3528,
3623,
6129,
12805,
14179,
13593,
13520,
4699,
13496,
11914,
5436,
9260,
8026,
8667,
8220,
8684,
2783,
7624,
58,
11856,
6054,
11650,
911,
567,
3599,
13057,
524,
12595,
3274,
9721,
5723,
12028,
14908,
9468,
12921,
2216,
10013,
5546,
13405,
12879,
5843,
12949,
6649,
4502,
3223,
10873,
13583,
8158,
2917,
12734,
6435,
6734,
7693,
5283,
6881,
1580,
7290,
7453,
12385,
186,
12054,
876,
1492,
13685,
8271,
11450,
9030,
5897,
4075,
5957,
7964,
8917,
14129,
4198,
14644,
7728,
5667,
4693,
8171,
10331,
8044,
12224,
10826,
6429,
13406,
584,
10683,
14743,
14727,
6702,
168,
9496,
10172,
4913,
11611,
622,
5454,
7685,
94,
9063,
10842,
7513,
1330,
13313,
13729,
4832,
2774,
5773,
9043,
8928,
8124,
8500,
7126,
7551,
5525,
14799,
12598,
5898,
6925,
8338,
2005,
3063,
9949,
5526,
8209,
12456,
4864,
11227,
1253,
12997,
11785,
13805,
10236,
2019,
3789,
2688,
1811,
12160,
1076,
10388,
6421,
5810,
2231,
316,
1885,
12415,
78,
4377,
8679,
11140,
345,
6493,
599,
11025,
43,
11622,
11216,
2164,
14864,
14161,
9245,
10137,
12921,
7125,
7750,
10299,
4062,
11015,
4259,
12906,
3846,
13114,
6430,
7885,
2027,
9478,
11950,
9535,
8882,
779,
13822,
3617,
7006,
12365,
8559,
9408,
4673,
5252,
13040,
11211,
5554,
1539,
8521,
4367,
1704,
4539,
13841,
3403,
5845,
14364,
9976,
11540,
10866,
12251,
2777,
1420,
9288,
3890,
481,
11860,
11242,
4681,
8429,
2805,
7288,
4336,
239,
10735,
6244,
410,
5804,
927,
6572,
11472,
13547,
7158,
7443,
3335,
11194,
13753,
6577,
14332,
31,
10124,
9994,
5825,
24,
2388,
8325,
9571,
3603,
7783,
5757,
4536,
3838,
10101,
3681,
868,
8200,
14897,
8201,
14566,
4809,
1838,
10305,
14291,
188,
7874,
4522,
4591,
6809,
234,
1214,
650,
14693,
66,
7200,
4537,
2653,
14166,
12140,
10672,
2813,
3892,
14580,
3831,
3687,
14416,
7715,
6993,
1347,
12591,
6684,
6805,
350,
5209,
8492,
14831,
4490,
4989,
3779,
12432,
2031,
13317,
5731,
13548,
3159,
7266,
962,
7494,
2498,
10923,
9256,
7517,
44,
14863,
2674,
1010,
12215,
14989,
7628,
7003,
2555,
7657,
12648,
9913,
14884,
1374,
4532,
441,
8881,
14952,
11237,
14030,
989,
5771,
12391,
2265,
420,
5863,
8165,
7669,
9207,
2497,
7008,
6807,
12723,
3342,
7504,
4676,
1619,
10757,
5397,
1858,
1522,
11965,
9231,
8943,
9266,
6482,
8705,
6288,
12797,
10798,
10172,
3040,
12730,
13621,
4042,
1223,
4398,
4445,
5020,
356,
2413,
5427,
10673,
4597,
948,
2127,
13139,
4268,
13703,
8871,
6606,
9668,
5124,
8385,
13558,
11502,
11342,
8456,
3511,
4740,
5213,
8980,
6278,
1123,
1222,
10457,
12905,
14328,
8754,
10439,
3102,
7270,
505,
36,
5536,
8787,
8421,
4228,
13544,
8823,
6067,
6430,
11649,
10028,
13711,
8427,
3859,
11296,
8815,
7866,
13316,
11001,
1582,
8100,
8332,
2215,
4161,
13107,
7261,
9127,
1656,
2050,
13214,
13684,
2628,
9947,
8521,
9122,
3665,
7600,
5968,
11800,
11410,
11238,
295,
3110,
8410,
2397,
7566,
11008,
10107,
10852,
1945,
13930,
1100,
3289,
4206,
2888,
1194,
3002,
12431,
195,
6724,
2027,
13838,
11283,
1933,
13509,
8443,
14982,
13244,
7713,
7782,
14640,
11140,
1109,
8299,
1422,
5120,
1315,
664,
11171,
11751,
14565,
8658,
5605,
12385,
12513,
10246,
355,
9067,
2348,
6927,
297,
5557,
3960,
12902,
14875,
9050,
4814,
11790,
2414,
1878,
6532,
2898,
7211,
5334,
1852,
1347,
14928,
7624,
4062,
2425,
8239,
4277,
9353,
2333,
7770,
1223,
9085,
13587,
5563,
10108,
552,
13087,
910,
3320,
6183,
10656,
14802,
5225,
13927,
6827,
9093,
14109,
7483,
6201,
10605,
5502,
12821,
779,
10355,
7430,
8681,
12102,
9478,
6090,
8470,
3982,
9536,
471,
7171,
8967,
11769,
683,
8549,
68,
11,
10227,
9842,
9749,
7385,
12887,
1765,
1317,
1884,
12146,
8795,
9280,
5753,
1395,
7795,
11615,
11052,
3569,
1110,
7867,
7742,
11770,
10594,
1542,
5664,
12893,
14542,
13539,
13013,
7331,
13814,
14392,
12690,
6806,
14070,
2723,
13778,
9240,
1119,
3719,
10363,
5860,
9162,
13797,
9851,
3365,
11935,
2219,
9760,
2260,
6147,
638,
8041,
1290,
489,
4099,
2687,
10963,
12321,
11046,
5082,
2149,
6270,
2568,
9495,
3198,
2381,
11266,
13895,
8254,
5503,
12336,
8693,
7911,
1212,
2113,
766,
3919,
8461,
6591,
3619,
12513,
8532,
194,
8273,
1919,
4967,
10937,
13379,
13572,
12880,
2746,
8324,
4167,
7921,
1044,
653,
14645,
7473,
4406,
9315,
4297,
3933,
13052,
8808,
1153,
12841,
5964,
10912,
12288,
9045,
3744,
10889,
10418,
5460,
11489,
2796,
7564,
6764,
5697,
1634,
10255,
1117,
10789,
10091,
8283,
2998,
14944,
12737,
4336,
10424,
10760,
10667,
12162,
4527,
6022,
921,
2941,
9634,
995,
2824,
505,
11634,
7603,
2216,
3457,
8393,
10668,
10893,
6034,
4883,
6983,
13483,
4016,
11141,
1445,
620,
788,
14705,
7730,
10025,
5968,
7843,
3715,
769,
12318,
5483,
10616,
6879,
289,
2451,
5311,
7219,
4418,
4232,
2123,
9572,
5491,
11694,
12954,
2700,
6936,
7809,
13706,
4152,
9505,
2747,
9256,
4793,
5461,
12019,
4210,
7671,
9571,
1612,
9346,
7214,
13437,
7799,
9588,
128,
1694,
4414,
13154,
4857,
11888,
9519,
827,
9702,
11997,
4985,
3049,
10424,
3904,
12450,
13845,
6734,
6794,
1750,
7956,
1531,
3806,
12145,
5108,
2033,
6379,
2132,
14334,
741,
10113,
346,
1994,
8586,
994,
10093,
3576,
1654,
6321,
6101,
5458,
13792,
12757,
11287,
7592,
8509,
675,
8227,
14682,
2014,
6007,
4469,
9792,
4625,
5792,
2451,
5334,
8823,
7730,
13150,
11462,
3467,
10512,
5733,
4697,
2154,
7260,
4711,
4335,
6829,
5266,
9787,
12777,
5158,
12341,
14828,
8917,
14687,
11315,
8871,
11623,
858,
1672,
12516,
407,
6561,
12723,
1644,
12673,
6068,
1428,
4363,
14483,
4579,
12127,
7224,
3712,
6453,
12826,
12114,
14795,
10722,
11709,
9712,
6177,
14353,
12709,
7661,
718,
1494,
12148,
667,
1947,
2595,
4865,
6814,
6001,
10565,
7522,
6636,
2949,
1694,
418,
14319,
8015,
10484,
5825,
14853,
13001,
2314,
6198,
6073,
5543,
5140,
6247,
5073,
9245,
3534,
7434,
3037,
14077,
130,
6045,
6971,
2315,
4273,
3979,
8307,
3546,
3788,
11491,
1751,
9853,
13661,
8617,
13100,
787,
9332,
4953,
14979,
7226,
1792,
1855,
7857,
12657,
10545,
4402,
14430,
2992,
2901,
12864,
1503,
6310,
10658,
14303,
14983,
8635,
2208,
13528,
9252,
7746,
1870,
13906,
10193,
3790,
7495,
11407,
780,
14982,
4136,
5824,
1538,
4177,
13159,
5306,
1112,
8548,
7245,
1357,
12866,
11048,
11111,
11824,
13417,
3142,
11195,
9899,
7934,
7426,
4582,
11738,
10026,
7665,
5110,
1378,
2645,
3858,
5261,
11164,
847,
3651,
1812,
3415,
1259,
4674,
5360,
13349,
13509,
10761,
1104,
8917,
8097,
5128,
12983,
12267,
9084,
9189,
11015,
11197,
12431,
2862,
12585,
437,
4304,
13449,
12527,
13568,
5945,
3064,
8665,
478,
13113,
11073,
12686,
9415,
5151,
8384,
11165,
7507,
14369,
5221,
9880,
11756,
5486,
13512,
1903,
12775,
11297,
5398,
10020,
6192,
13782,
1807,
6118,
8706,
9936,
8522,
2463,
7768,
11115,
13592,
3683,
13323,
156,
10963,
12316,
2115,
4075,
10550,
4484,
1931,
13644,
13100,
6637,
6462,
7018,
14750,
5559,
11221,
12406,
5724,
14287,
5358,
4338,
11522,
2788,
1868,
7370,
218,
2747,
6991,
4361,
10898,
6093,
7114,
5010,
7798,
8969,
10224,
6014,
8836,
665,
1783,
4880,
4504,
5076,
5086,
12183,
1608,
9897,
14026,
4293,
274,
1451,
8542,
2285,
8117,
9742,
13518,
12255,
12581,
14717,
1620,
11017,
12475,
7428,
4739,
7824,
9226,
14500,
8018,
12495,
13452,
12846,
540,
3216,
463,
6160,
12658,
3970,
10831,
11248,
13217,
10141,
8173,
8894,
2744,
2051,
7911,
7908,
1824,
2649,
959,
1524,
13602,
1351,
7655,
10251,
14971,
12750,
13690,
765,
13871,
10819,
9644,
4642,
2619,
1417,
7188,
13958,
5599,
929,
13851,
9071,
1661,
11446,
6989,
9780,
10761,
8092,
9000,
11602,
8591,
14998,
6045,
8779,
9374,
3312,
6797,
6157,
4516,
9632,
7242,
2596,
7312,
7142,
669,
14777,
6454,
5234,
5136,
3143,
5139,
2167,
11669,
12121,
679,
3375,
9311,
398,
13452,
10428,
10215,
10818,
12827,
8013,
10435,
5140,
1492,
3616,
3632,
2367,
4363,
1320,
14472,
419,
6719,
12554,
9924,
11383,
6687,
14198,
3733,
803,
1226,
5295,
6873,
12234,
13109,
2797,
9446,
9552,
13561,
937,
3122,
681,
8208,
4419,
7936,
8768,
6001,
9583,
6852,
614,
13782,
9657,
13171,
5092,
9242,
9725,
6607,
9918,
8001,
7113,
8759,
5391,
1145,
12238,
2167,
4396,
11124,
6477,
7678,
12144,
13057,
14714,
1799,
3809,
12067,
5595,
14754,
4150,
5505,
4361,
7825,
9434,
1518,
11688,
6749,
6554,
5405,
7517,
12811,
11463,
14209,
9389,
88,
8514,
6781,
1262,
11243,
13344,
11843,
2697,
6414,
1553,
9198,
5378,
5391,
5216,
5335,
7720,
6075,
73,
13341,
13302,
3717,
11983,
14100,
2203,
4555,
2607,
9228,
194,
7011,
2162,
6896,
10383,
783,
10622,
13252,
8171,
624,
3320,
3880,
3183,
9510,
261,
6937,
450,
10607,
8566,
6439,
6602,
9313,
1093,
3570,
9823,
7032,
85,
2809,
5386,
7079,
8960,
6290,
12272,
3282,
7977,
7315,
14656,
1056,
1442,
8136,
854,
10680,
705,
372,
8647,
1624,
14201,
1083,
10432,
2532,
3037,
5678,
13935,
9312,
4607,
2813,
7844,
788,
4443,
14715,
4338,
13418,
4828,
11451,
8062,
13176,
1702,
10589,
8394,
5135,
3553,
712,
7202,
9137,
7413,
3066,
2755,
10669,
13386,
14994,
13856,
7968,
4801,
11715,
3494,
14591,
5837,
7920,
8621,
2234,
9386,
6865,
711,
1323,
14350,
11077,
4433,
10220,
1412,
9480,
9031,
14630,
8573,
8298,
9069,
10288,
9706,
3112,
9779,
306,
14777,
984,
2824,
5809,
4957,
2327,
2922,
4349,
10908,
2442,
5894,
10706,
8468,
13787,
3945,
11965,
10860,
6531,
8054,
7214,
13560,
2474,
1379,
4854,
12166,
7347,
6789,
12691,
13155,
10356,
1384,
12239,
4973,
1499,
1585,
13255,
6226,
11943,
11115,
6734,
8744,
7282,
6320,
4181,
11138,
8455,
92,
6627,
11243,
7754,
5583,
894,
4334,
12131,
1869,
4264,
659,
3458,
3567,
7253,
14742,
10365,
6872,
6135,
1338,
12347,
10973,
8529,
1463,
12697,
6923,
3797,
5324,
12917,
9169,
10570,
8386,
13769,
8107,
2833,
4691,
11015,
9380,
5944,
6651,
4617,
6311,
4577,
9434,
9161,
4352,
4856,
2529,
5307,
3222,
14419,
14831,
13260,
11549,
3620,
10915,
10797,
3991,
2271,
11459,
12946,
4972,
11130,
510,
1985,
5294,
2989,
2452,
14678,
6263,
10909,
10783,
683,
13710,
1620,
10864,
12180,
218,
7115,
4066,
1557,
6062,
13026,
1796,
12347,
12340,
2858,
13843,
1649,
7381,
6968,
10656,
4880,
2222,
13934,
8816,
8466,
8890,
1213,
7796,
10077,
4989,
6080,
10444,
3690,
6522,
10761,
11820,
249,
10298,
14018,
7888,
14301,
14067,
11782,
12231,
12456,
13907,
3181,
1668,
14987,
14582,
5578,
3151,
4725,
8608,
1248,
720,
8755,
6985,
4612,
3320,
7933,
5812,
11002,
14587,
11330,
8439,
5081,
7038,
2846,
6085,
5651,
5823,
616,
8871,
6423,
2583,
3632,
9926,
11464,
8057,
2707,
719,
10181,
7370,
121,
1359,
10405,
2181,
2171,
14734,
14416,
3184,
9623,
13903,
11550,
3144,
4578,
4614,
3483,
4587,
12402,
9797,
491,
5553,
7309,
10632,
14415,
9114,
10203,
13593,
5423,
265,
8297,
476,
10766,
12533,
13641,
8407,
5889,
7942,
8901,
13308,
11182,
4165,
6570,
11327,
10924,
7011,
8806,
6600,
6766,
6160,
5744,
6002,
5555,
577,
2695,
7450,
1317,
9441,
6284,
11866,
1443,
14087,
10213,
11710,
7429,
4483,
3954,
13390,
770,
5564,
7520,
3562,
7972,
11348,
445,
11840,
13755,
9281,
8947,
821,
9848,
10514,
8954,
455,
1767,
4716,
12330,
2769,
14365,
661,
11908,
8358,
6167,
7200,
4534,
7434,
13554,
8710,
1735,
1917,
1494,
9290,
6687,
1591,
12492,
14821,
6570,
10637,
13848,
12824,
11463,
14648,
7629,
13672,
537,
5518,
1920,
3786,
4976,
2289,
11466,
7111,
12271,
12711,
6836,
7490,
14180,
14843,
12792,
13278,
2339,
8417,
7879,
10600,
11049,
971,
1482,
13380,
10302,
4206,
14752,
6907,
10368,
8904,
4059,
10349,
1141,
7408,
2314,
6130,
9455,
5930,
11169,
2613,
2249,
13374,
9470,
8117,
9293,
11104,
4937,
3111,
10238,
13686,
6361,
13409,
13377,
6472,
13598,
2794,
10404,
4789,
14333,
3270,
11596,
9948,
623,
8560,
14078,
10281,
2691,
10957,
5828,
11834,
6320,
12088,
8921,
1104,
11510,
7326,
523,
7916,
10481,
3486,
6474,
8367,
7724,
10312,
14739,
8582,
1368,
2870,
5943,
13292,
14657,
3527,
5071,
861,
9947,
10636,
7755,
3573,
5391,
10160,
10555,
10693,
6941,
7740,
5456,
5308,
9807,
1730,
3140,
6691,
3295,
14089,
9780,
2743,
598,
14974,
7805,
6997,
7881,
1662,
10667,
8308,
1938,
11441,
1592,
7938,
14374,
3002,
414,
9360,
12324,
13181,
3842,
873,
14277,
3664,
10484,
14437,
6481,
8422,
2560,
1801,
5008,
7745,
1329,
14801,
6125,
14032,
13888,
5996,
3642,
8212,
481,
11311,
12129,
10080,
7196,
3872,
1996,
7518,
10446,
10910,
5729,
10760,
3247,
8602,
6453,
10530,
13815,
9337,
5292,
1152,
2656,
2618,
13908,
8798,
5067,
12123,
177,
6131,
8494,
10619,
14712,
3198,
10982,
4015,
7450,
7865,
11078,
10721,
5139,
5638,
9709,
13212,
4657,
10673,
757,
2211,
14354,
11998,
2999,
6212,
11490,
11027,
4774,
8272,
4397,
7577,
14745,
3413,
14779,
13480,
23,
1410,
3264,
11923,
14138,
14097,
619,
13063,
4531,
5763,
5568,
7587,
1525,
9304,
3474,
10659,
247,
9352,
9810,
7723,
3210,
9263,
3911,
7626,
9875,
6171,
3006,
14434,
6175,
6452,
10919,
12100,
5167,
3490,
4156,
3706,
12941,
7585,
12297,
10926,
14212,
10716,
10887,
14378,
5768,
4683,
11388,
2757,
14370,
5625,
5201,
14177,
3620,
14261,
3006,
9067,
4568,
14649,
9122,
5116,
7948,
6996,
2678,
10625,
7332,
5661,
5517,
11703,
9258,
7380,
1449,
4014,
10324,
2458,
12005,
257,
4336,
11919,
10971,
7135,
1762,
13501,
7281,
1288,
961,
11836,
9264,
7441,
11416,
258,
2705,
2601,
5905,
4462,
10803,
3469,
14586,
6554,
3432,
12018,
12645,
50,
4079,
553,
922,
10930,
5341,
13594,
4185,
552,
8001,
11142,
6844,
11410,
10381,
10678,
10054,
3543,
2233,
8386,
1289,
5671,
13276,
5523,
11171,
11782,
14784,
14182,
3432,
3077,
6416,
7793,
874,
11537,
2817,
2710,
12616,
7844,
1449,
11282,
5331,
13021,
2960,
12482,
1214,
10486,
13276,
1588,
965,
5442,
10553,
12867,
7549,
6974,
13267,
14528,
2406,
13478,
5763,
2055,
5790,
9932,
2075,
4077,
9316,
9460,
11217,
2695,
1018,
13872,
3288,
492,
9514,
6983,
6292,
9333,
2020,
9168,
4434,
14025,
13980,
4813,
13005,
5049,
150,
13037,
6601,
11039,
161,
9724,
5634,
8398,
6782,
10103,
9047,
1683,
12752,
14958,
10482,
6018,
3935,
9139,
10127,
2346,
9875,
12140,
3806,
2267,
6941,
779,
4623,
5385,
2971,
3664,
1385,
13657,
4786,
7838,
2751,
2627,
2149,
13535,
14859,
3231,
12279,
5047,
7960,
7921,
9752,
14774,
1708,
5542,
8852,
5468,
5659,
9006,
13413,
9697,
7195,
4721,
3058,
6727,
10016,
8459,
6529,
7701,
11790,
4101,
2753,
10950,
11492,
10203,
2281,
13386,
4232,
8319,
12806,
3932,
2784,
13831,
14485,
3492,
7375,
11959,
10162,
3517,
6799,
2850,
6634,
13835,
12493,
101,
13676,
11797,
807,
3669,
300,
5031,
3634,
52,
4649,
14718,
11476,
6440,
244,
4818,
6144,
2239,
3860,
1667,
12934,
145,
13322,
8220,
10449,
1063,
1730,
2138,
1955,
4177,
6906,
12361,
5200,
6967,
8149,
5516,
423,
3292,
10298,
10650,
14653,
2675,
2463,
1275,
8334,
2471,
897,
2194,
2264,
228,
14662,
8565,
2171,
7632,
10925,
11233,
11193,
14905,
13165,
9549,
2313,
5115,
2983,
7600,
1789,
3576,
9094,
1507,
109,
14670,
1065,
2403,
2190,
8633,
10025,
1740,
11984,
11310,
11846,
9329,
10751,
1894,
390,
11260,
13712,
4171,
2635,
11647,
12102,
11425,
8690,
12987,
6480,
14884,
1998,
4670,
6925,
10495,
14385,
7352,
5781,
11408,
12621,
3737,
1346,
6231,
8628,
6014,
5712,
13389,
8447,
4486,
774,
277,
4011,
4299,
4372,
2299,
11628,
7329,
3782,
12261,
11943,
9749,
7645,
14386,
200,
4611,
8462,
3301,
10389,
2709,
1135,
8508,
5254,
11799,
13849,
4153,
5645,
2661,
7132,
1378,
9129,
527,
393,
13661,
5624,
12950,
8010,
13986,
3499,
2856,
7469,
603,
2896,
14663,
7830,
6835,
1204,
9484,
6416,
11353,
7169,
8654,
13205,
1624,
7752,
3002,
5592,
14000,
8289,
4326,
13147,
11942,
1431,
11621,
7376,
12707,
14659,
13036,
5419,
12949,
3978,
1368,
3320,
6539,
5232,
8334,
13658,
13205,
3648,
10406,
2589,
12076,
10644,
2559,
167,
778,
12065,
3251,
14061,
11964,
9577,
10971,
7574,
10492,
13324,
12236,
1051,
1060,
7658,
4580,
8180,
8091,
14483,
3417,
4830,
10157,
14680,
9296,
9855,
14502,
13128,
10938,
4471,
11505,
6661,
10210,
7002,
2131,
11240,
2358,
13754,
11719,
317,
10433,
5421,
11765,
318,
9186,
14785,
5869,
497,
14691,
6369,
10531,
7991,
6245,
8137,
9123,
7877,
3927,
5353,
3084,
12964,
8957,
396,
6471,
5152,
6053,
3887,
8436,
12926,
11540,
1581,
9203,
3082,
11730,
7951,
6742,
5268,
12491,
5866,
1029,
5540,
11935,
11493,
3016,
5235,
3220,
12496,
7425,
12420,
11594,
12135,
14458,
10536,
13498,
7370,
1880,
11473,
12747,
9358,
14247,
13805,
10789,
14186,
5900,
1367,
6951,
13083,
7092,
2700,
6576,
4323,
8218,
13203,
1701,
8926,
7902,
6625,
561,
6428,
14520,
5079,
11326,
8204,
1378,
6938,
3916,
6255,
7167,
3545,
8812,
5314,
4587,
10466,
13776,
2280,
11703,
6236,
1981,
4063,
6541,
12163,
4263,
13935,
1026,
1449,
12233,
5294,
3768,
602,
5104,
6401,
3227,
7847,
8396,
10127,
14681,
4162,
5760,
8898,
494,
6844,
5910,
7156,
9312,
8973,
14901,
6168,
5920,
2324,
2930,
5640,
2489,
3499,
14957,
10516,
4901,
14262,
4390,
13879,
4316,
8921,
9203,
1142,
14650,
12273,
5052,
193,
3327,
14462,
867,
11608,
12501,
3770,
9338,
9460,
9029,
496,
1947,
11704,
3729,
4397,
361,
3618,
9967,
3607,
9506,
624,
8001,
5696,
13797,
4206,
8494,
10465,
1238,
9036,
4668,
9,
6555,
9232,
9559,
3835,
6988,
4668,
7790,
991,
11662,
7280,
5004,
8460,
6935,
14228,
13646,
8415,
8332,
11829,
7088,
6893,
7552,
5937,
14178,
6302,
4949,
6207,
4085,
3994,
5908,
4734,
1057,
13335,
470,
10846,
1038,
14194,
3350,
11667,
177,
3469,
8298,
13121,
13648,
10914,
77,
3942,
4509,
5864,
1635,
7795,
3831,
7606,
14903,
13236,
321,
12490,
4287,
8184,
2649,
568,
9645,
5109,
10299,
12692,
14830,
6083,
4676,
2055,
13215,
10511,
8259,
452,
13494,
7773,
12734,
9965,
131,
5788,
10300,
1541,
2550,
6860,
610,
13432,
5986,
85,
8724,
7156,
9068,
246,
12393,
6035,
2071,
5817,
2139,
10540,
14573,
4577,
9357,
9240,
2056,
10831,
14347,
8080,
7150,
13948,
3846,
14865,
13452,
7967,
3839,
13300,
3818,
9596,
2835,
13414,
14959,
530,
10922,
4103,
3666,
11048,
8767,
11922,
14350,
5791,
14149,
1794,
9861,
2109,
10813,
1041,
8939,
9616,
1593,
14660,
7766,
12184,
7092,
1535,
11492,
5294,
2235,
5386,
1026,
9757,
1596,
10526,
13530,
14931,
12224,
297,
2781,
9041,
3568,
5550,
1826,
1450,
1318,
9647,
14543,
9412,
2383,
10068,
2766,
14952,
11581,
5191,
12744,
3760,
13184,
14613,
13263,
4217,
9656,
493,
12493,
11536,
10143,
14509,
680,
14592,
12676,
9820,
12063,
12719,
6835,
5397,
1320,
11768,
7373,
4522,
2815,
2864,
13626,
13687,
5904,
3162,
8399,
9633,
1115,
8864,
14081,
2045,
1764,
13754,
719,
9067,
9758,
4504,
9255,
9881,
7252,
6631,
14598,
11358,
12600,
146,
9400,
3531,
12908,
8470,
157,
1835,
13454,
11030,
8696,
4405,
12866,
9753,
662,
8938,
5930,
5545,
9305,
11243,
8496,
6457,
13647,
13593,
14773,
6081,
12748,
14846,
6365,
5155,
9746,
10484,
8263,
2800,
14685,
9413,
14590,
6446,
12493,
449,
2405,
6289,
14892,
5721,
2536,
4407,
12654,
11898,
274,
7571,
7448,
8039,
10581,
825,
6048,
5061,
2413,
9292,
11430,
8351,
8365,
9579,
5151,
3299,
12910,
7863,
8261,
1425,
1436,
4049,
445,
2396,
6392,
11926,
3309,
8041,
11924,
11985,
8424,
2149,
9551,
3690,
13633,
5659,
1575,
13862,
14136,
8546,
12284,
10984,
8920,
4561,
10941,
3073,
11730,
5168,
13835,
3877,
9427,
14785,
13038,
3624,
11769,
552,
12499,
5855,
14509,
7483,
5599,
6721,
11157,
13305,
1163,
7359,
5644,
12502,
4287,
3111,
10714,
6602,
2979,
10741,
14917,
2829,
6584,
8017,
13388,
2588,
8126,
11688,
13834,
8029,
2825,
9375,
12973,
4870,
12580,
12673,
4678,
14069,
13167,
4949,
12029,
4119,
11602,
4472,
10611,
10207,
7409,
9607,
890,
5282,
14273,
3499,
760,
3817,
5599,
629,
6370,
8142,
6546,
13213,
4421,
8415,
14657,
5352,
13458,
3110,
2648,
13987,
10836,
6565,
3124,
6000,
12800,
10774,
2703,
4166,
2913,
2890,
4825,
4020,
2263,
1401,
7044,
8468,
4680,
4340,
10456,
8900,
142,
5237,
12778,
12038,
14920,
857,
13761,
1909,
2242,
8102,
510,
6382,
4928,
5451,
8103,
6505,
5954,
12188,
532,
729,
358,
3337,
12765,
2238,
11214,
7616,
4458,
8567,
4728,
6502,
5871,
1334,
1716,
10433,
11740,
7739,
13483,
14491,
14603,
13091,
3947,
6498,
7607,
3891,
5712,
8000,
13514,
6764,
1421,
4732,
8396,
734,
12700,
13939,
6115,
6697,
7483,
1996,
5939,
12100,
2153,
6926,
665,
3631,
67,
11615,
10830,
1020,
4291,
7270,
2588,
914,
5044,
12949,
2794,
1959,
14513,
5789,
13676,
9521,
8300,
10731,
11161,
12076,
9270,
4384,
3694,
10847,
3794,
2313,
7168,
9984,
14278,
13627,
6814,
1773,
6928,
8221,
12842,
10128,
7805,
3891,
2860,
7484,
2158,
5098,
11918,
4135,
13375,
14656,
1085,
13925,
6965,
14061,
2351,
8962,
14228,
6697,
4517,
5525,
6557,
2886,
9156,
1236,
4743,
2076,
10563,
7862,
1853,
14615,
9653,
12605,
955,
3303,
6017,
12345,
3460,
8272,
10470,
12656,
2801,
6005,
10988,
13329,
9975,
11426,
96,
7790,
1269,
749,
12948,
9953,
2139,
6119,
11630,
4683,
970,
6051,
8654,
10771,
3865,
14822,
7555,
5162,
5781,
4467,
10904,
1236,
2134,
1037,
13204,
3629,
2935,
14640,
5716,
7285,
11017,
5072,
12283,
1069,
14113,
1640,
9352,
13894,
7419,
2228,
7573,
4519,
7907,
2092,
11521,
5917,
11714,
2949,
6014,
11112,
13468,
13560,
1814,
6301,
7304,
6639,
11686,
2616,
9162,
2263,
9120,
6316,
8028,
1064,
506,
14104,
11983,
8794,
3124,
7025,
11632,
14725,
13284,
152,
10464,
2378,
10242,
6344,
2983,
11839,
11769,
7591,
851,
4769,
10333,
4573,
2404,
10909,
2826,
603,
13893,
9851,
12339,
10576,
4001,
1472,
6901,
5862,
11047,
910,
12262,
3581,
5428,
12732,
13462,
3460,
1816,
12620,
3391,
7500,
741,
12543,
8059,
939,
14778,
8462,
9935,
6751,
7238,
9225,
2327,
2930,
680,
3655,
10947,
12435,
8837,
14275,
9995,
11250,
13335,
6753,
9282,
8779,
933,
7815,
7971,
11007,
6486,
10959,
7419,
2378,
6412,
4723,
8430,
11567,
4350,
13287,
6474,
12664,
12159,
11772,
11045,
7068,
3915,
12657,
14308,
3418,
12028,
1882,
9630,
3620,
5841,
11245,
10306,
8778,
2871,
14046,
4392,
13181,
13421,
14222,
9867,
7184,
7555,
14912,
10638,
14541,
2959,
12336,
3046,
6772,
5802,
6182,
4453,
9777,
8719,
12596,
12857,
4481,
11190,
6642,
9084,
8770,
8534,
7982,
632,
11329,
111,
10020,
14944,
507,
4833,
967,
5657,
1062,
5607,
1700,
4158,
7848,
9244,
6421,
8458,
13704,
10620,
14765,
9896,
14502,
5469,
4338,
3895,
8019,
2977,
10937,
13334,
3019,
12763,
13683,
14862,
8153,
10722,
8282,
8250,
966,
2779,
4147,
1537,
7121,
10822,
1696,
12788,
5415,
8806,
1692,
5567,
14810,
3865,
9456,
2460,
9125,
5446,
5898,
3822,
14535,
9964,
10984,
10209,
9952,
14602,
4872,
4366,
5149,
3350,
796,
8127,
4419,
1462,
5865,
8740,
9127,
10061,
12328,
8359,
14460,
2787,
10099,
1003,
12362,
2397,
5525,
9281,
259,
3440,
291,
8837,
14021,
6966,
3441,
1071,
10190,
1415,
11211,
7703,
10794,
1855,
3104,
13422,
8021,
4674,
8849,
6238,
11291,
13655,
13344,
7849,
3051,
8199,
3196,
5136,
6179,
3565,
6528,
5130,
8305,
10280,
3946,
1817,
11685,
3143,
11524,
8506,
13657,
14578,
6495,
13915,
14451,
4077,
7860,
6342,
5312,
10533,
74,
8145,
1805,
5344,
3905,
14718,
13417,
12120,
5415,
4112,
8767,
1490,
8897,
7032,
13515,
13203,
9561,
8217,
7169,
1379,
13728,
7199,
5154,
376,
13055,
4065,
9984,
941,
6857,
14029,
13503,
5272,
10582,
14527,
1177,
10272,
9586,
5001,
14960,
11951,
132,
5569,
8843,
5531,
7479,
8623,
9320,
5448,
10144,
11892,
1679,
3050,
2543,
5075,
14716,
8822,
7597,
9517,
11046,
12479,
1165,
5640,
1893,
5510,
7264,
9479,
1035,
10962,
6402,
5132,
3539,
8241,
2361,
139,
3903,
13122,
10974,
3366,
2103,
3422,
2234,
14040,
11316,
7424,
8506,
1673,
7491,
13558,
11395,
13527,
10534,
5456,
2074,
10560,
12946,
12115,
576,
9884,
1667,
12705,
3886,
12877,
3536,
6104,
3613,
13164,
9424,
2257,
11791,
3304,
7862,
1280,
2064,
4640,
9564,
1969,
6192,
3881,
7883,
469,
14211,
13526,
133,
1879,
8329,
4802,
7554,
1727,
11417,
402,
9159,
12043,
6694,
1670,
7720,
3951,
4998,
11239,
8210,
1533,
13406,
942,
12646,
14321,
8645,
12171,
6699,
13886,
12865,
4638,
5721,
808,
12681,
4468,
7701,
8602,
1137,
12031,
12230,
11384,
3444,
4894,
13036,
11565,
4221,
10358,
14560,
11954,
7225,
5340,
6942,
6114,
6734,
357,
6737,
13253,
1591,
8411,
12298,
9216,
14632,
4682,
538,
13407,
4739,
2434,
1354,
1973,
7096,
5930,
1303,
4569,
7134,
8170,
8999,
701,
12394,
5342,
9136,
11273,
2751,
14924,
4262,
6226,
13035,
14059,
10879,
8266,
291,
8656,
10788,
2802,
1312,
14850,
12724,
10554,
6947,
2375,
4182,
9412,
8775,
1135,
1384,
7779,
8824,
13170,
9632,
7230,
4841,
13117,
6646,
6059,
2357,
4517,
5896,
12376,
12123,
3270,
1038,
14645,
14048,
12965,
12379,
4918,
938,
907,
14193,
1888,
14503,
14287,
1055,
14401,
5574,
14898,
5185,
12874,
11846,
8303,
11359,
14775,
13973,
10367,
1508,
12975,
14463,
3038,
4181,
7329,
10577,
14222,
11847,
3153,
666,
9446,
3221,
12276,
10162,
5258,
1840,
8466,
13255,
8497,
3904,
10222,
934,
11550,
14027,
3427,
11677,
727,
9059,
4247,
6484,
6336,
14830,
10600,
4533,
7656,
5706,
12650,
2979,
14175,
8441,
613,
2734,
2518,
9058,
13932,
8138,
1745,
12753,
13821,
3894,
7968,
595,
1633,
11971,
4678,
3189,
32,
2455,
4992,
7789,
379,
14164,
6528,
1894,
5991,
12434,
7449,
11999,
3875,
7654,
5996,
1976,
5688,
3091,
5966,
11851,
12429,
6582,
3576,
7990,
4083,
3879,
11126,
11576,
1166,
8735,
3417,
13996,
232,
7854,
5196,
10809,
12838,
5290,
10059,
1306,
6607,
12609,
9417,
10516,
8531,
13750,
5326,
14681,
12964,
8822,
3099,
8436,
6395,
9582,
8180,
7167,
3263,
10686,
10900,
7978,
8468,
11137,
3041,
1440,
14253,
10067,
7933,
514,
10509,
13546,
10931,
8604,
8930,
1666,
6982,
14607,
10054,
1930,
13215,
13842,
11436,
7749,
7994,
13986,
13913,
3644,
6998,
9724,
9590,
4304,
4182,
13870,
1617,
2416,
9088,
14508,
1729,
2438,
10578,
10064,
9362,
4814,
10516,
1505,
12801,
14807,
14903,
6431,
4477,
13799,
12163,
7491,
5158,
11565,
2355,
8316,
9968,
8201,
5190,
179,
715,
1456,
13067,
7986,
8849,
1383,
12073,
9722,
11865,
9917,
7422,
9381,
13221,
12056,
5186,
13616,
9727,
10899,
4154,
540,
6109,
2941,
11530,
1637,
5748,
3144,
14275,
14750,
11860,
5645,
949,
1272,
12231,
631,
11756,
1481,
2843,
968,
3992,
13132,
2678,
5185,
4758,
2956,
431,
8744,
13293,
801,
6719,
14275,
4604,
8124,
7999,
13208,
12681,
6353,
13692,
2921,
2420,
14776,
14804,
3090,
523,
9682,
2736,
491,
8622,
8561,
13588,
127,
4342,
6608,
13900,
9862,
10341,
1680,
2917,
13533,
11299,
5671,
12760,
7864,
1826,
8667,
12634,
2123,
6736,
2892,
13660,
1153,
9221,
10293,
11340,
222,
13969,
4967,
10353,
5241,
1470,
11803,
14234,
1538,
10088,
14084,
9246,
8618,
8346,
12009,
4762,
8220,
5158,
1538,
5342,
6458,
10176,
5636,
13239,
1190,
8927,
10298,
10324,
14529,
2453,
6072,
10750,
7989,
607,
3106,
6754,
4812,
11872,
10597,
8118,
9899,
2646,
1713,
1268,
9866,
7031,
10469,
3176,
6026,
188,
2508,
450,
8404,
7677,
4411,
13174,
9605,
8440,
14377,
1969,
12156,
1608,
6256,
6526,
3914,
10448,
7121,
9279,
6837,
4655,
9684,
7693,
9116,
1716,
10029,
9260,
5104,
14551,
5709,
4857,
14918,
7333,
2671,
821,
5454,
3378,
5624,
6501,
5585,
6635,
3986,
11462,
4469,
5043,
11889,
4058,
2181,
6932,
14311,
12701,
9815,
14564,
11229,
5324,
5386,
7211,
5800,
14384,
442,
6923,
9936,
2403,
1781,
13442,
9772,
14572,
4486,
1693,
14535,
285,
709,
12052,
14812,
8196,
477,
3178,
9535,
8409,
7805,
6600,
13487,
9978,
13493,
11210,
10522,
7137,
6575,
13925,
897,
13667,
2413,
12845,
4165,
11641,
9248,
8131,
14045,
5387,
1468,
6297,
7314,
3381,
4751,
11202,
7938,
8289,
8946,
14026,
11085,
12960,
13926,
14596,
14574,
1359,
10248,
13435,
4756,
10067,
12008,
7189,
12126,
3742,
12434,
13806,
3429,
11217,
10787,
926,
174,
7219,
5224,
8695,
13166,
13117,
899,
6609,
6218,
9407,
8476,
12989,
10540,
9120,
12020,
11797,
10901,
5749,
1475,
4433,
1674,
10805,
10942,
5406,
11515,
7904,
1952,
7237,
625,
3753,
8137,
6270,
14099,
4367,
14901,
1810,
2076,
14021,
4143,
12170,
11312,
14874,
8667,
5853,
2785,
8341,
2733,
9268,
4391,
5468,
4361,
9848,
2345,
11174,
14280,
3948,
9612,
5480,
12191,
12787,
6907,
12150,
9041,
13747,
4743,
14045,
406,
6422,
3237,
13953,
14991,
8652,
14168,
10358,
4142,
157,
9121,
12658,
2839,
11909,
9125,
1811,
3690,
12257,
5495,
4889,
11748,
372,
14907,
13847,
12956,
11082,
9623,
4199,
12247,
8542,
13318,
5912,
234,
12146,
8084,
7800,
1523,
2520,
11647,
4876,
10229,
8958,
2956,
10435,
6391,
2099,
11050,
12711,
5078,
14766,
1441,
14975,
3679,
13732,
2934,
7859,
11134,
8216,
14363,
413,
13973,
5426,
371,
9863,
2611,
11377,
9329,
6316,
13708,
5864,
5302,
491,
10587,
9707,
4220,
5210,
8701,
4803,
8040,
9094,
12467,
12837,
5132,
8114,
483,
11441,
13385,
9051,
12265,
1411,
14472,
5921,
10867,
142,
6311,
99,
12590,
13108,
14390,
9103,
9558,
6496,
919,
11852,
13065,
8728,
1906,
11876,
3628,
4000,
7235,
13640,
5962,
14803,
9168,
5570,
11870,
76,
12049,
2536,
6124,
2996,
10858,
607,
5178,
9922,
4451,
4137,
6267,
11690,
267,
4096,
11854,
2497,
14775,
12986,
2745,
11776,
2631,
9052,
654,
12077,
7646,
13896,
7424,
12995,
14394,
2901,
5227,
4085,
2259,
4054,
9606,
12915,
9199,
7153,
7312,
13952,
82,
149,
14606,
14202,
8634,
10292,
4388,
3762,
5457,
5038,
12999,
619,
3041,
8642,
2734,
1444,
9015,
7830,
9959,
1845,
967,
13671,
809,
11349,
1549,
3869,
3200,
12232,
10942,
10164,
11701,
11658,
12061,
8598,
11078,
4273,
2005,
8978,
5089,
7325,
6884,
2909,
6960,
2055,
4227,
481,
2439,
5249,
5117,
14705,
5370,
10624,
9307,
7719,
7474,
2967,
9967,
9702,
11443,
14013,
14832,
5386,
6471,
7307,
8608,
4201,
571,
10504,
6747,
466,
10936,
10224,
1373,
8845,
6391,
10280,
11649,
6563,
14445,
9342,
4255,
1009,
8152,
10338,
10828,
8501,
11636,
12681,
9451,
317,
2089,
2783,
12518,
8272,
1183,
10482,
8171,
1637,
1060,
10345,
7074,
2010,
14214,
13388,
2194,
11212,
3738,
918,
9861,
4572,
8716,
9245,
14562,
5905,
2293,
3753,
9064,
4831,
12449,
12581,
9071,
2878,
460,
11255,
4553,
3050,
4939,
2634,
3410,
5337,
13174,
5702,
8682,
2204,
545,
10493,
12395,
8278,
479,
14466,
660,
8023,
13027,
994,
370,
5324,
4327,
13344,
12323,
12490,
2463,
607,
7386,
5438,
6263,
3797,
9233,
4962,
5398,
3108,
14155,
10687,
2393,
13099,
8857,
14285,
5092,
454,
14435,
7393,
3488,
919,
13624,
3785,
10287,
4031,
14046,
9162,
1311,
5631,
2495,
8859,
14012,
6603,
7430,
251,
11083,
6980,
13668,
3930,
12087,
254,
7274,
13704,
10877,
10941,
8980,
2441,
14662,
6182,
11894,
1153,
5355,
1410,
6344,
4936,
14026,
3594,
4699,
10594,
3165,
778,
10780,
1209,
14931,
209,
608,
8828,
7756,
6780,
13004,
11850,
9843,
14663,
14437,
1169,
3877,
13362,
9501,
13728,
1975,
3140,
902,
1826,
6201,
4867,
39,
80,
14213,
13168,
13299,
14436,
3470,
2552,
14979,
13531,
1635,
6994,
11316,
12518,
12875,
28,
1356,
2317,
2094,
4075,
7572,
5116,
2338,
8112,
2746,
12420,
1658,
9200,
14393,
1698,
8971,
1499,
4289,
4876,
11884,
3086,
13071,
767,
14821,
7959,
14464,
10614,
14814,
5833,
5763,
11707,
3828,
11965,
12341,
3499,
7936,
557,
8198,
7753,
69,
11785,
2745,
352,
7725,
9105,
13097,
13215,
841,
10320,
9468,
4498,
2403,
12008,
4147,
3737,
2479,
6860,
9429,
4464,
11189,
9613,
9465,
7601,
69,
2045,
6304,
3329,
1935,
1097,
13935,
12181,
3782,
8179,
465,
11075,
1931,
5663,
14625,
7850,
7741,
2456,
7060,
10184,
1884,
425,
4898,
2719,
5315,
1735,
3553,
11723,
11694,
13463,
9884,
6815,
8475,
2499,
14402,
22,
3246,
14446,
1878,
8064,
8834,
3381,
12615,
391,
9326,
2044,
9082,
6604,
13590,
4486,
6189,
1156,
1695,
8886,
14346,
14905,
13570,
7327,
6819,
10320,
5569,
13371,
7025,
12346,
2651,
794,
13859,
9723,
8386,
7386,
8611,
7358,
4201,
5183,
580,
14116,
6905,
12876,
284,
5607,
9717,
11205,
6653,
13997,
2931,
12856,
7059,
4722,
9373,
13236,
12937,
326,
13096,
5762,
5012,
476,
13258,
14203,
8954,
8599,
8113,
8787,
7042,
9497,
9752,
5250,
14907,
7487,
5313,
12562,
6748,
1050,
3521,
14761,
13825,
5876,
8148,
7692,
3404,
2741,
1764,
5058,
1702,
12665,
1091,
13915,
13900,
13523,
8410,
8899,
448,
8540,
14593,
8568,
5922,
9588,
10240,
10923,
725,
3629,
11357,
11951,
12877,
14531,
13951,
14585,
6014,
3819,
7920,
4063,
14017,
10877,
7334,
8510,
7337,
63,
9319,
10626,
136,
9146,
6196,
10628,
7750,
2210,
14688,
4525,
7721,
2789,
7696,
9531,
7656,
1312,
7435,
6718,
11839,
5964,
1779,
13378,
14713,
11069,
6592,
14834,
2652,
2690,
7795,
4932,
8615,
2975,
9565,
6966,
10865,
4011,
10918,
12505,
2232,
4975,
8965,
1815,
14113,
11643,
12206,
6810,
7143,
4935,
13637,
14178,
13949,
8866,
12071,
6589,
4555,
13130,
14149,
4702,
9722,
5171,
7338,
1874,
13824,
13593,
8651,
14683,
3405,
6764,
1902,
6813,
12314,
8894,
14890,
13396,
13853,
13656,
7116,
1275,
11931,
6153,
2627,
11167,
5651,
3616,
5916,
14076,
3032,
12031,
612,
7749,
14522,
5225,
8827,
12439,
1674,
11629,
13739,
7074,
3065,
2857,
11725,
3368,
12926,
432,
6924,
3604,
4763,
10421,
6692,
4289,
3712,
1413,
14644,
9481,
9726,
8842,
14992,
13239,
8201,
3818,
2150,
9871,
5199,
35,
479,
13569,
7750,
6341,
10752,
10653,
892,
9972,
375,
12020,
1987,
5074,
6244,
3582,
10975,
1297,
8742,
5848,
11205,
14200,
9650,
134,
983,
6724,
4520,
6485,
217,
7157,
2400,
6550,
9595,
8900,
11244,
3,
1244,
8551,
6876,
15,
10614,
3436,
12606,
6385,
9557,
14758,
7520,
6587,
3958,
4367,
10008,
14526,
5317,
357,
2689,
14246,
1779,
2810,
10691,
767,
13261,
13366,
2025,
1113,
10934,
8445,
12016,
14389,
3429,
3867,
14201,
258,
4400,
8753,
13857,
9009,
7618,
367,
13401,
13173,
8073,
1289,
1584,
13535,
11874,
8419,
4231,
4016,
12259,
9480,
3250,
12328,
923,
7485,
10040,
10838,
14786,
6264,
12448,
2806,
4240,
6164,
13224,
5347,
5912,
4422,
2676,
2001,
9755,
11124,
8356,
3513,
10518,
1074,
9773,
12889,
9214,
11590,
3923,
10925,
8199,
1504,
1325,
8696,
5809,
6817,
8583,
12123,
1528,
4660,
2937,
7813,
10484,
12700,
11695,
4679,
7200,
2113,
11231,
5784,
13060,
8694,
14218,
6612,
4666,
11158,
5158,
1274,
5156,
5602,
2739,
6201,
9252,
1677,
11423,
7783,
180,
3837,
4564,
2255,
11293,
9128,
11441,
4042,
13270,
5753,
11378,
4254,
4997,
9254,
843,
8354,
7832,
12555,
4657,
11383,
2435,
4278,
2929,
3584,
4622,
13558,
12000,
2661,
14019,
7623,
14317,
12880,
5337,
9250,
6475,
7738,
1242,
2493,
11411,
7729,
3140,
10595,
4746,
12617,
5226,
11178,
3492,
3076,
478,
8011,
2648,
13845,
9221,
2056,
11145,
6012,
9885,
12065,
8504,
10509,
445,
6639,
4866,
14510,
12710,
1362,
1917,
3629,
3424,
13623,
9347,
2344,
7566,
2525,
10880,
9901,
8195,
3895,
3528,
10572,
8001,
14241,
9430,
12862,
13582,
12567,
11689,
169,
3579,
10661,
9778,
1163,
2955,
11076,
2043,
14681,
14747,
629,
9024,
12944,
14246,
14785,
3825,
5735,
3830,
3734,
11494,
2616,
14611,
4843,
13326,
12388,
11968,
714,
719,
11456,
1514,
739,
7909,
10642,
1545,
14698,
14963,
11676,
1521,
12838,
4585,
3438,
9847,
2955,
4829,
8471,
6238,
6287,
7525,
1275,
5583,
14061,
14223,
1618,
1873,
7750,
347,
11252,
11663,
1983,
4700,
11586,
4078,
5489,
531,
11750,
12274,
14214,
2418,
9112,
11418,
12468,
14027,
8879,
900,
12029,
6888,
12554,
10246,
6260,
5676,
5875,
8402,
9544,
10261,
5814,
9489,
236,
7417,
8797,
13946,
1446,
884,
10677,
13507,
50,
8966,
1616,
672,
10912,
9322,
13199,
9873,
10549,
6272,
14799,
12555,
13087,
10593,
9458,
742,
7595,
10859,
561,
4400,
12221,
345,
117,
3829,
3702,
2821,
14715,
60,
3185,
11986,
7521,
1042,
1532,
12256,
10689,
9053,
12074,
8093,
8315,
1879,
1637,
11308,
10046,
3970,
3609,
9845,
11173,
6727,
13330,
5457,
8037,
13750,
12416,
8042,
10238,
10941,
3488,
6006,
14453,
3775,
11535,
1666,
14326,
10872,
2178,
5473,
5752,
14122,
11358,
9206,
9985,
10755,
9651,
12860,
4523,
9513,
7749,
7484,
5840,
838,
11201,
914,
9754,
1191,
2858,
704,
12263,
1500,
9065,
12605,
5195,
13388,
4641,
5560,
7681,
13465,
3620,
14994,
10200,
6710,
10204,
11349,
11382,
13167,
2926,
14607,
4056,
4174,
4941,
352,
6574,
6949,
5539,
13776,
1893,
118,
8981,
5918,
13685,
4383,
7448,
9239,
1682,
4607,
14668,
11019,
11800,
10062,
12312,
10066,
3643,
5341,
900,
6810,
11142,
2483,
1137,
5060,
6206,
7000,
4836,
7642,
11335,
532,
11498,
7493,
1484,
562,
8381,
11336,
1720,
1759,
11843,
3463,
11907,
1642,
3087,
4673,
11834,
147,
12743,
4666,
4940,
3348,
4114,
11479,
8357,
5052,
11372,
5720,
2748,
7822,
8137,
9962,
12691,
11150,
11317,
5929,
4167,
1645,
12580,
900,
9643,
6315,
6756,
6641,
5072,
7115,
13758,
6495,
820,
9446,
3514,
5387,
5470,
1463,
12292,
4699,
1458,
6463,
14594,
10177,
6901,
7242,
10042,
11277,
11988,
14104,
2944,
6551,
6919,
170,
11466,
8444,
11788,
6007,
10628,
1494,
3051,
9810,
9865,
13458,
10602,
7844,
3578,
1588,
10104,
3974,
7981,
8256,
12875,
14801,
462,
2885,
1831,
2171,
7702,
130,
6139,
14231,
9627,
904,
3841,
14739,
11377,
1079,
5586,
11824,
14358,
443,
8709,
9036,
3351,
10316,
6260,
13652,
9325,
413,
6890,
3083,
13662,
12958,
1244,
14997,
1986,
7436,
9195,
5514,
6605,
13248,
11928,
9643,
10187,
246,
4425,
12620,
6535,
10440,
1080,
7378,
8041,
182,
3851,
4568,
413,
13069,
7155,
6360,
8931,
9229,
11058,
3608,
9448,
745,
7572,
14124,
12700,
10049,
11221,
2270,
4490,
9788,
14677,
13363,
11583,
2588,
6915,
5195,
7438,
10291,
10553,
1927,
13507,
7034,
8649,
6289,
11278,
6425,
3996,
13203,
12046,
101,
13059,
1650,
7970,
3150,
11940,
5462,
12955,
6059,
1896,
9739,
1314,
107,
6674,
5926,
1035,
3159,
9586,
12254,
11838,
2826,
1272,
1436,
4004,
2817,
698,
116,
1030,
11755,
3903,
7791,
9563,
4515,
3988,
7007,
13203,
1057,
4260,
7202,
5399,
10756,
13252,
5368,
7087,
4038,
12365,
2607,
3570,
332,
8103,
8833,
10820,
3085,
6236,
9161,
6425,
1119,
2179,
3898,
7570,
6497,
6446,
13889,
3607,
4909,
3849,
11448,
4410,
13729,
14614,
5454,
1406,
5384,
2320,
7010,
8066,
5627,
1921,
14217,
4153,
9526,
4007,
5065,
4217,
6868,
7406,
1187,
332,
2520,
11277,
13617,
4520,
131,
6539,
2567,
14605,
6662,
7509,
10362,
7241,
4037,
4562,
2795,
12624,
7393,
1087,
13741,
11428,
13099,
2710,
2099,
84,
13328,
8854,
6673,
11979,
4065,
631,
12748,
3251,
3749,
7737,
8848,
4941,
11041,
13271,
1228,
5984,
14817,
8932,
1936,
5960,
7250,
6483,
2633,
14267,
11026,
5877,
2139,
6562,
5899,
1928,
2170,
8037,
9701,
8062,
10266,
1912,
10154,
14977,
9735,
13492,
8124,
10589,
2344,
2944,
8146,
5547,
5486,
6387,
5550,
8245,
8600,
5224,
3154,
7212,
2032,
10052,
10308,
14299,
1321,
12731,
6375,
7766,
5522,
3971,
12717,
630,
379,
11326,
13011,
3700,
14220,
2542,
3812,
7247,
10895,
13882,
6759,
7700,
14060,
12922,
7936,
10464,
10727,
6616,
13515,
14271,
3619,
14321,
2405,
13550,
12700,
9973,
9239,
10094,
2805,
11939,
6977,
5968,
6755,
4365,
13162,
7443,
9956,
11031,
8183,
5580,
4656,
7138,
1959,
13284,
10717,
10848,
660,
12325,
6961,
1044,
3331,
8470,
11520,
6360,
598,
5033,
9849,
8603,
14501,
7719,
6053,
8089,
2575,
13569,
10115,
5412,
13803,
13050,
2924,
14072,
298,
6411,
11880,
14451,
13247,
10358,
3604,
8097,
8958,
3536,
10323,
2254,
5765,
10193,
13967,
8677,
3549,
11596,
14502,
8636,
8415,
513,
1126,
13638,
1995,
795,
590,
2052,
11472,
12276,
14219,
1018,
12789,
14488,
11514,
11888,
13517,
10757,
2167,
11550,
91,
7413,
3310,
9396,
1902,
11498,
4162,
2361,
13136,
8289,
328,
12206,
7280,
8776,
1478,
12061,
3556,
4831,
2461,
10722,
11206,
13155,
11419,
3797,
1851,
12312,
13099,
5485,
9917,
9627,
6191,
13238,
10459,
3712,
5223,
10497,
3787,
5770,
14186,
4088,
6693,
7079,
9637,
4841,
14480,
4565,
12647,
12431,
8241,
3580,
2036,
6674,
12232,
9478,
9822,
12018,
8807,
3808,
9153,
9444,
1387,
5368,
8548,
5481,
7949,
6776,
3877,
5159,
6371,
1384,
10291,
8313,
1359,
2392,
14767,
3386,
4183,
3811,
3526,
3160,
10922,
4409,
1653,
275,
14148,
9437,
6501,
10215,
2654,
9627,
8134,
250,
11461,
4993,
5774,
13243,
3015,
10425,
11214,
7567,
3906,
12205,
13613,
14652,
3870,
13769,
10959,
6063,
12027,
11556,
14146,
9178,
11846,
9855,
9515,
10880,
10688,
7772,
5991,
8638,
8933,
12660,
5737,
11858,
2502,
28,
6915,
14480,
10926,
9935,
2244,
4643,
3634,
14218,
12364,
13628,
6934,
1123,
14169,
11238,
1184,
9056,
3244,
10423,
5087,
7636,
10589,
4273,
13877,
14799,
12899,
11553,
9568,
2247,
980,
10726,
11604,
2420,
8804,
13291,
6861,
8702,
14057,
2139,
1140,
3021,
8675,
8919,
1735,
2865,
9086,
7894,
7160,
3313,
13370,
11288,
5647,
5646,
6240,
1164,
150,
2228,
2843,
10047,
14972,
8423,
5576,
3579,
567,
2386,
7457,
7898,
11943,
2144,
8452,
6051,
3185,
13945,
7604,
7662,
2418,
12969,
10100,
12379,
12190,
1224,
6367,
3913,
72,
10190,
8681,
13770,
12777,
14262,
4741,
3705,
7291,
132,
12036,
8351,
7472,
5171,
3116,
2313,
1584,
14273,
6539,
4483,
9257,
7342,
7249,
14967,
1473,
9909,
10805,
3432,
6000,
8671,
261,
14046,
597,
13043,
933,
8190,
1493,
7833,
10743,
1998,
180,
13144,
14535,
1652,
13900,
8754,
2471,
8496,
10425,
6732,
8154,
11956,
3452,
8134,
13663,
13373,
8623,
2771,
1715,
11696,
13589,
2119,
13239,
8130,
13739,
2396,
7902,
6949,
12716,
9493,
3543,
4305,
4661,
6436,
14779,
7527,
10100,
7691,
6203,
14435,
9531,
9223,
12215,
2886,
287,
239,
6738,
5654,
14660,
5348,
14702,
14826,
12653,
7722,
4248,
2888,
983,
9948,
4104,
3861,
11453,
414,
11823,
10636,
788,
669,
10139,
2238,
3955,
3191,
864,
2449,
11471,
3900,
6393,
7368,
10244,
12366,
277,
4398,
8157,
7794,
8424,
13612,
8525,
9994,
6886,
4323,
2516,
6121,
9067,
13215,
12502,
6629,
8444,
2091,
5199,
10517,
10087,
10632,
3963,
7666,
9312,
7348,
2284,
5956,
14300,
2009,
4692,
2118,
11372,
7568,
4876,
4869,
1566,
1285,
3816,
4940,
1400,
12215,
11628,
2335,
9038,
2042,
12989,
13138,
7514,
3983,
10031,
13823,
3066,
10661,
8745,
6990,
4344,
11473,
14283,
14412,
10158,
7578,
10537,
10046,
13222,
7115,
11456,
8612,
7555,
6287,
783,
10274,
6409,
3627,
7365,
4228,
3275,
4128,
3823,
4257,
12628,
14288,
6213,
1999,
9467,
11850,
14989,
8951,
3138,
8076,
10209,
11906,
14936,
13470,
9074,
7696,
5700,
12238,
11305,
13030,
4856,
3641,
7435,
2121,
1532,
14740,
1028,
5999,
2153,
9610,
9486,
11137,
3108,
6467,
4183,
6834,
3849,
11121,
10361,
7066,
11297,
11279,
3294,
7097,
1697,
7559,
1649,
3515,
9993,
8207,
7708,
1771,
7776,
6874,
13993,
11076,
4646,
8485,
13113,
10667,
7985,
4358,
5691,
774,
11054,
4810,
10272,
8599,
6361,
4308,
10132,
8436,
8565,
2684,
14859,
14092,
11129,
443,
9748,
3109,
14656,
12392,
3464,
278,
8183,
9822,
5409,
10531,
10906,
11137,
7937,
4898,
13128,
1917,
2573,
8226,
561,
11931,
13974,
8964,
2987,
6298,
11608,
1782,
6455,
10961,
13305,
3958,
10245,
785,
4579,
12482,
747,
10750,
13678,
13690,
1251,
10308,
10179,
2979,
13366,
2818,
4540,
11892,
1982,
9283,
9215,
11368,
2232,
11137,
912,
3957,
6834,
11501,
3616,
3815,
262,
13488,
13738,
8357,
5931,
3207,
8470,
14900,
3536,
8477,
12527,
11751,
879,
3263,
10186,
5006,
1863,
14588,
6169,
696,
7330,
8521,
9626,
13279,
8944,
13608,
13254,
14607,
8708,
3198,
9342,
7602,
14374,
11795,
12555,
756,
1129,
2680,
9323,
8503,
7862,
7918,
3175,
14165,
4102,
6893,
14932,
8582,
13127,
9661,
2690,
5044,
2579,
1824,
6275,
7378,
4235,
4743,
497,
5442,
14905,
13947,
851,
11017,
2297,
10037,
5497,
12800,
1918,
10505,
11517,
5792,
13432,
14698,
8698,
215,
6162,
13098,
12829,
383,
8185,
7180,
10900,
6686,
14856,
8368,
14669,
3270,
8973,
2473,
11157,
12327,
14168,
5181,
9765,
14687,
12445,
8542,
6985,
12821,
12674,
553,
8380,
2428,
2308,
9853,
4479,
5396,
6305,
13714,
3739,
12071,
4274,
11259,
7252,
11152,
14183,
13565,
9770,
12340,
10293,
12750,
7827,
7466,
10220,
441,
12504,
10540,
8960,
13147,
2116,
5049,
14967,
14393,
13926,
3075,
13074,
7101,
2552,
14264,
1710,
5354,
4870,
8991,
10999,
12392,
9234,
4645,
4002,
44,
1290,
10987,
13435,
13096,
14524,
5732,
11426,
1889,
3041,
9827,
8228,
7766,
12542,
110,
6810,
14242,
9075,
474,
8886,
4935,
9718,
5790,
3097,
6093,
4424,
11883,
2988,
5339,
3242,
11088,
166,
7495,
12044,
12912,
14073,
11235,
6442,
99,
11783,
10972,
2643,
8721,
160,
8933,
8793,
3806,
11524,
7300,
4217,
4845,
3783,
6088,
7537,
7738,
11250,
335,
10432,
6873,
11358,
2969,
6318,
9222,
12413,
32,
4537,
2611,
1799,
3437,
7250,
13988,
8061,
4905,
13157,
14336,
13427,
2510,
6031,
7,
163,
10463,
2181,
14074,
12818,
9862,
8665,
9208,
465,
7630,
13759,
12946,
11893,
12524,
10917,
14167,
5605,
5706,
9136,
1338,
6994,
3837,
10395,
1675,
8208,
12256,
2784,
7520,
3847,
6642,
11033,
9481,
3095,
5173,
3910,
1622,
8042,
8829,
939,
5346,
2749,
14377,
6325,
1492,
3502,
9056,
2457,
11546,
5581,
1153,
11476,
8973,
2928,
11322,
10129,
4560,
812,
720,
8966,
8013,
5673,
11309,
3951,
1057,
3258,
10800,
222,
12694,
9050,
2382,
6385,
2930,
9863,
6332,
1231,
5746,
5861,
6428,
11882,
7527,
2719,
7470,
22,
3340,
4424,
6596,
8099,
2024,
12343,
3988,
544,
4984,
7035,
4488,
1908,
3129,
7724,
9754,
12778,
9711,
14129,
8504,
6760,
14363,
11440,
8015,
5996,
1608,
8023,
6685,
5608,
12441,
5648,
12362,
8595,
13458,
9830,
76,
14334,
9918,
12383,
2612,
6685,
13219,
5947,
11469,
11132,
8364,
11069,
4712,
7655,
1347,
3115,
5329,
2214,
14872,
10503,
1970,
1593,
9633,
10459,
11876,
5109,
5463,
8239,
5358,
10025,
9361,
7200,
1025,
2860,
41,
13536,
3112,
9465,
11039,
13678,
13647,
11944,
4427,
685,
13275,
11215,
12456,
14726,
11954,
10832,
11760,
3863,
12444,
6459,
10082,
7657,
1274,
1392,
220,
6310,
4027,
6291,
3729,
3977,
8726,
12301,
9971,
2596,
5287,
249,
6364,
6502,
12967,
9456,
12088,
2267,
4932,
1876,
5240,
10655,
13311,
6798,
3962,
9952,
3735,
10919,
1883,
11967,
8258,
308,
976,
9580,
5166,
6329,
11492,
85,
7435,
7309,
13109,
13349,
2327,
11984,
1112,
1139,
10870,
557,
8575,
1363,
3599,
9940,
1253,
3246,
13852,
8915,
11788,
2071,
5983,
13643,
7572,
13812,
6775,
10731,
14678,
8668,
9847,
2981,
1860,
1094,
5308,
2975,
6439,
5037,
11445,
11732,
11582,
12534,
5705,
8560,
4557,
4102,
1604,
9635,
6511,
9421,
2613,
11143,
11094,
7695,
13061,
1035,
6795,
4116,
537,
2837,
3282,
13784,
12024,
1502,
9138,
10587,
1733,
13512,
4365,
3951,
6945,
1060,
11796,
12479,
2798,
7556,
6937,
8621,
6304,
8939,
11830,
11816,
14859,
2153,
6380,
11841,
13866,
3465,
7418,
10034,
13054,
2720,
5605,
3739,
8479,
10147,
4710,
3796,
1001,
4400,
10266,
9200,
10952,
4781,
2154,
7736,
9238,
3313,
5487,
11532,
9026,
8646,
7518,
8447,
609,
8757,
6791,
11872,
4318,
14490,
8454,
4472,
7109,
4279,
1790,
11836,
3259,
11442,
4549,
14229,
7534,
7149,
10298,
4188,
3271,
2790,
3316,
7688,
13800,
2749,
7042,
10900,
2928,
5655,
3788,
8172,
2750,
14411,
2268,
13867,
14266,
13888,
554,
3869,
8497,
10024,
4449,
9994,
1347,
9572,
4877,
3822,
4999,
9010,
10232,
10963,
5299,
12729,
5219,
11776,
5813,
10436,
7537,
13488,
10175,
10273,
5331,
755,
948,
13291,
6054,
5014,
12831,
5947,
4776,
8563,
12770,
11036,
12379,
7824,
12033,
8663,
4035,
7023,
4128,
3878,
13442,
14249,
1446,
14446,
11743,
10546,
6194,
6022,
2753,
12715,
9548,
3271,
4663,
4530,
9936,
5827,
11885,
13804,
4672,
12249,
7703,
2884,
8434,
14701,
1381,
5253,
2467,
998,
987,
8792,
4876,
7856,
9208,
877,
3181,
2289,
10233,
8502,
4784,
7271,
14,
1685,
8198,
10752,
11992,
12294,
3287,
2694,
395,
3458,
8809,
1247,
10772,
8502,
4023,
328,
8626,
9290,
10305,
3487,
6870,
5966,
11503,
10807,
4521,
5562,
2715,
5893,
2522,
8149,
7749,
9247,
4491,
11656,
8602,
9655,
6924,
8487,
10429,
210,
13967,
9429,
6964,
9568,
13860,
3948,
1622,
2995,
2606,
3003,
7913,
14021,
10511,
1073,
1917,
14361,
6917,
622,
3558,
14570,
14887,
8267,
14398,
9729,
5611,
2418,
1713,
308,
11768,
2288,
13192,
9212,
4313,
3154,
11791,
6243,
6161,
5485,
6093,
9305,
4432,
1437,
14628,
2216,
13261,
4394,
8750,
1730,
11401,
7902,
11712,
11268,
1540,
1091,
7096,
14432,
12903,
9890,
1502,
10372,
8584,
13155,
14099,
346,
5310,
13990,
1026,
5226,
5422,
3001,
5055,
13399,
9150,
5299,
10420,
912,
6410,
14385,
6838,
7062,
13427,
3152,
13163,
905,
5371,
4753,
3857,
13302,
6772,
5916,
7292,
8647,
11966,
8786,
1793,
7979,
2360,
1216,
1598,
5834,
8210,
14272,
2053,
1619,
6363,
7801,
5849,
4642,
9269,
571,
7256,
6056,
9641,
10735,
10502,
1802,
13083,
4006,
8594,
9113,
12178,
10974,
6107,
5548,
6693,
10071,
2969,
13238,
14030,
1628,
9530,
8267,
10538,
1510,
195,
4895,
12558,
11083,
8897,
6574,
8592,
1733,
13499,
1233,
7482,
382,
5367,
4618,
13198,
7103,
4182,
1425,
8571,
522,
6997,
11543,
8274,
6648,
12438,
12347,
14692,
10491,
1842,
10914,
1014,
9902,
2800,
14990,
9434,
9684,
1118,
662,
12869,
14249,
9224,
13996,
6552,
4647,
10696,
6468,
5833,
1073,
10211,
4876,
14529,
10368,
13126,
11117,
6685,
8874,
4296,
5185,
162,
2186,
421,
8034,
3472,
8308,
13955,
5552,
10763,
4556,
14347,
6884,
3490,
13284,
8276,
13945,
1011,
13454,
819,
11470,
12588,
6286,
10455,
3826,
1657,
5716,
9509,
8836,
7504,
4461,
14221,
1452,
2360,
5711,
9256,
8116,
8645,
8960,
8931,
10992,
5318,
4398,
10821,
14391,
5567,
10250,
2712,
8042,
14815,
2372,
2828,
11327,
11417,
448,
13142,
6676,
2914,
12624,
2425,
1416,
2903,
2712,
13604,
8517,
716,
583,
12457,
4476,
12848,
3843,
11627,
869,
4891,
11336,
14342,
9021,
11872,
8653,
11073,
5580,
5933,
2603,
2331,
5863,
2228,
12972,
5023,
14185,
1576,
6952,
3958,
2321,
8497,
1016,
9007,
3325,
7607,
6708,
14743,
10704,
9752,
10759,
10709,
11900,
3072,
14451,
12162,
14405,
7878,
10396,
12331,
8535,
8974,
11795,
14640,
9642,
10690,
9505,
4136,
12448,
2119,
8016,
12084,
12068,
4457,
6692,
10266,
930,
6099,
6494,
1703,
14341,
4890,
13182,
13765,
8235,
9618,
7306,
6703,
115,
11696,
8911,
1815,
8633,
4051,
14550,
11612,
8299,
7746,
5488,
8706,
8277,
10420,
7148,
8393,
1313,
7980,
7025,
11301,
9603,
8897,
6334,
1529,
10027,
12320,
4524,
8294,
6751,
737,
78,
7476,
2209,
1729,
13525,
9273,
9958,
1211,
5207,
417,
4630,
8058,
7166,
992,
14373,
9982,
4186,
12834,
7468,
2184,
13329,
7678,
10903,
10826,
8991,
4453,
3742,
7273,
1390,
2223,
14468,
7969,
8242,
14811,
3716,
3848,
5410,
3508,
6040,
1064,
178,
8022,
3523,
1826,
11702,
14268,
1142,
7200,
12692,
11486,
14480,
3608,
12326,
9789,
12181,
5036,
14120,
7316,
357,
13886,
10475,
511,
8157,
5952,
14103,
3431,
6807,
176,
10182,
9324,
2722,
264,
8785,
11094,
3227,
11204,
10590,
10905,
12623,
10291,
13947,
8826,
322,
198,
11444,
10175,
2748,
10807,
4947,
3435,
6395,
9583,
14963,
13890,
11835,
3997,
8188,
3529,
5660,
12660,
761,
9772,
7701,
12555,
6930,
7443,
1829,
10011,
4827,
11333,
6209,
4858,
9165,
10012,
2333,
5723,
10965,
1790,
541,
1453,
559,
12005,
14884,
11568,
10012,
14162,
10385,
12993,
2215,
8726,
7436,
352,
9273,
3618,
136,
10703,
14038,
70,
10801,
2070,
14760,
13274,
9374,
2171,
7540,
8753,
4007,
13796,
59,
14026,
6604,
5316,
11979,
1948,
6930,
11447,
4162,
8581,
5488,
14347,
11682,
6444,
5125,
7855,
3844,
998,
5147,
9696,
1195,
6507,
11884,
6314,
6571,
14758,
1185,
6518,
1620,
3307,
5378,
12876,
1111,
5617,
14124,
8903,
13862,
7954,
8691,
4953,
13743,
11875,
6551,
12982,
5174,
13045,
8819,
10712,
8109,
1152,
6236,
865,
4246,
1162,
9582,
14631,
6218,
13755,
6643,
2061,
12869,
5973,
9305,
1867,
8551,
7836,
6664,
12235,
2793,
11743,
298,
14238,
3584,
5867,
14975,
4032,
356,
4201,
6741,
7304,
13168,
4841,
3772,
2346,
14932,
12982,
5933,
2439,
4304,
10277,
8849,
1041,
369,
1503,
13926,
160,
14695,
9601,
10043,
8264,
4272,
10804,
10418,
14685,
7452,
1534,
3903,
7501,
12134,
9165,
1186,
7052,
11509,
167,
2812,
288,
11458,
11471,
6301,
11716,
2441,
6392,
137,
12734,
14043,
1571,
11973,
14423,
5656,
3490,
3621,
11619,
7122,
14130,
1301,
10412,
12633,
10567,
4678,
11917,
10181,
3115,
11701,
10106,
13376,
7706,
12593,
10853,
13666,
11707,
7022,
2719,
11293,
8654,
1066,
13060,
816,
1339,
396,
8641,
1488,
11244,
9270,
9953,
10041,
5642,
7598,
11868,
8817,
13694,
9448,
6737,
12249,
12357,
6635,
13761,
142,
1235,
3955,
1021,
14719,
9288,
4828,
13337,
4279,
13698,
12752,
8602,
9772,
1385,
877,
4733,
14622,
10626,
10369,
739,
4739,
12743,
13008,
13704,
14517,
13344,
6980,
4269,
3560,
13770,
5457,
5710,
13402,
10542,
13374,
13485,
1756,
7926,
4868,
12066,
9705,
3027,
8832,
1379,
4678,
7119,
12975,
10114,
8652,
4833,
11774,
5865,
13155,
8318,
4803,
14121,
6438,
7051,
6214,
8463,
14909,
86,
3657,
11449,
95,
5893,
9781,
11822,
11171,
9914,
8833,
14250,
1527,
7744,
2735,
14369,
4155,
9167,
10126,
1690,
4446,
3141,
718,
6820,
9081,
11475,
11010,
9440,
2418,
11572,
8847,
2302,
5866,
7717,
13224,
4352,
13426,
9011,
6267,
12406,
3499,
5815,
7064,
1171,
11358,
7790,
7566,
8085,
14174,
12301,
12732,
11851,
9745,
1353,
11984,
9665,
4384,
2839,
11694,
11484,
6885,
8047,
14746,
13459,
4179,
3401,
12756,
2601,
7114,
2586,
14446,
11850,
12469,
11984,
10974,
13326,
1912,
1058,
7338,
4744,
12850,
2679,
13254,
5962,
12059,
11636,
221,
10115,
5829,
11324,
10811,
256,
1763,
10830,
9421,
14235,
321,
1220,
11256,
6879,
10154,
14485,
169,
4605,
6917,
6522,
13181,
2237,
6567,
981,
2242,
7127,
5145,
6156,
5695,
13355,
14464,
8966,
8892,
4935,
979,
9006,
4419,
5047,
14702,
14035,
9508,
12158,
2748,
5037,
489,
11191,
10971,
1168,
13832,
3043,
9766,
13707,
8281,
1857,
10076,
9632,
2838,
12667,
14980,
13462,
6870,
3934,
3720,
2991,
9432,
8485,
9203,
9320,
7497,
11327,
13382,
195,
1436,
1201,
11447,
8646,
3101,
6785,
14338,
6800,
4801,
8267,
3274,
5483,
11038,
4204,
2251,
6505,
5911,
10866,
14959,
14115,
11314,
13395,
13824,
10027,
12395,
272,
11067,
13517,
13500,
2884,
14406,
10666,
10005,
4732,
5940,
11312,
12431,
3104,
10285,
14557,
2090,
9090,
6449,
11730,
8257,
10345,
3350,
3354,
13831,
6715,
14343,
10797,
4376,
12875,
4689,
1756,
2155,
12072,
13838,
10973,
2736,
2185,
4806,
14638,
1673,
1255,
14424,
3886,
9845,
14267,
6290,
6039,
14095,
8638,
1633,
699,
4683,
3275,
7593,
1407,
7801,
11349,
8716,
4667,
259,
1617,
13209,
10334,
3117,
3383,
3688,
7844,
14995,
3494,
645,
5628,
6209,
1558,
2306,
10597,
5818,
8342,
14592,
722,
3185,
14023,
1066,
10970,
5760,
4114,
9563,
4298,
12771,
13513,
860,
8611,
6076,
12565,
7216,
897,
6882,
14930,
14653,
9341,
9072,
3377,
7701,
7813,
6529,
10653,
3987,
13699,
5554,
12733,
7358,
7858,
10978,
2600,
8634,
5923,
12663,
11012,
1175,
3080,
1839,
9361,
9407,
1409,
11464,
14800,
8425,
1911,
13752,
2401,
8927,
5058,
6784,
1271,
5760,
7607,
14811,
1584,
11227,
1402,
3908,
1058,
12259,
7823,
13645,
3328,
9619,
1078,
7318,
9779,
1559,
7278,
2756,
14757,
1125,
14394,
3465,
13398,
9528,
6598,
424,
8528,
3574,
4883,
3053,
4309,
62,
1323,
5637,
13090,
13003,
1851,
5414,
11157,
5335,
10495,
9070,
3676,
7243,
358,
13566,
10929,
5403,
10191,
11399,
11261,
196,
5593,
6701,
3881,
3024,
8865,
3318,
6078,
7737,
5294,
10944,
10901,
2908,
593,
13605,
10189,
14680,
14921,
1985,
10382,
4996,
7400,
5121,
4976,
3166,
6159,
6890,
2400,
8249,
5001,
3023,
3477,
5019,
6058,
14125,
1697,
7288,
3137,
7639,
12461,
9067,
6109,
12432,
6570,
13944,
198,
14332,
14498,
11337,
649,
164,
8219,
1817,
294,
5709,
14514,
7755,
4996,
13386,
50,
8856,
10673,
3950,
9109,
402,
1635,
7790,
7365,
2252,
8283,
12552,
2078,
665,
9048,
5391,
13819,
5042,
5845,
10000,
11041,
6083,
8978,
6423,
14088,
9754,
9479,
9551,
24,
12731,
571,
1606,
12666,
6521,
13804,
3835,
12456,
11155,
672,
9352,
9708,
8127,
14314,
2868,
9424,
7280,
1064,
8575,
2603,
5438,
13879,
11999,
8235,
12570,
6916,
686,
175,
1638,
14055,
1017,
7643,
14559,
9713,
1550,
752,
10781,
586,
9433,
2292,
7087,
14661,
14229,
8554,
12874,
12080,
9914,
1698,
10974,
12911,
11809,
5710,
11662,
6441,
3876,
1640,
11158,
13019,
6985,
1609,
13350,
11397,
12588,
14646,
12073,
10244,
1866,
4780,
12841,
1195,
11346,
1894,
9983,
5233,
6345,
13104,
9467,
4934,
10650,
3770,
9958,
13454,
11036,
11784,
12350,
5018,
13979,
4196,
12021,
11775,
9625,
3543,
4391,
14859,
9663,
8634,
1956,
10275,
4092,
4314,
286,
11090,
8097,
13241,
8016,
10129,
3942,
4831,
13055,
9023,
14829,
8953,
11304,
12694,
6423,
1457,
8147,
4100,
7406,
3588,
12365,
8589,
11227,
3764,
2170,
8188,
11839,
306,
596,
10531,
1042,
3345,
2255,
9864,
2310,
5740,
1346,
4474,
7500,
12579,
8124,
10076,
10368,
1201,
13222,
5030,
5539,
3100,
4656,
14253,
733,
7742,
4429,
3624,
5937,
11178,
6723,
4950,
13746,
3711,
11540,
14233,
11646,
7385,
10327,
13704,
4443,
3377,
3112,
14749,
7217,
939,
4531,
13964,
11223,
13262,
10781,
14985,
8367,
4963,
9507,
9463,
4591,
9456,
11911,
3364,
13128,
7885,
6633,
5345,
2846,
1271,
12825,
4046,
6395,
236,
3838,
7316,
12021,
3889,
11171,
8938,
4744,
9188,
469,
13942,
11038,
10679,
6424,
1351,
710,
9829,
9539,
12244,
10768,
11412,
8033,
13034,
8928,
1057,
3357,
3601,
3151,
3763,
12811,
10836,
2168,
7282,
13396,
9407,
3399,
5541,
11003,
4013,
14074,
8095,
7419,
4007,
6848,
12404,
7508,
6870,
5488,
8510,
8815,
4926,
10406,
12120,
8818,
10193,
5914,
9804,
12669,
9223,
14773,
11796,
4622,
1108,
4416,
5545,
655,
7625,
8472,
9463,
13158,
5479,
10083,
5926,
3435,
1611,
2622,
12684,
9464,
3437,
10689,
11778,
1165,
3678,
4620,
9613,
3079,
6558,
7504,
5500,
239,
1604,
6562,
13220,
6217,
7331,
403,
9572,
12500,
14987,
2872,
1537,
2001,
12128,
14587,
6174,
10134,
5588,
13640,
11495,
12475,
11837,
11112,
8090,
8601,
10404,
6781,
1907,
11405,
10564,
6200,
1044,
3123,
12777,
8113,
8866,
1581,
13414,
7277,
7209,
2263,
5646,
13459,
9726,
6506,
5687,
294,
12403,
876,
1431,
7341,
14969,
4611,
6601,
6378,
750,
3997,
12425,
5448,
13472,
14362,
12778,
14408,
4947,
6761,
6719,
2233,
13711,
290,
5028,
14282,
14784,
3705,
4016,
1424,
13208,
8219,
13317,
13319,
12996,
10349,
686,
3313,
2957,
9102,
7473,
7948,
6847,
7405,
3544,
742,
12774,
12982,
6127,
4884,
14450,
74,
8434,
7534,
8203,
1176,
9172,
1129,
11439,
7083,
5143,
9126,
13246,
829,
13614,
2455,
6443,
14890,
13753,
9360,
11664,
7673,
2926,
13480,
10362,
3964,
2745,
9427,
6369,
10925,
3264,
5979,
10051,
3093,
12164,
7894,
7225,
12855,
11766,
2597,
1814,
9939,
2976,
9872,
926,
11090,
12503,
14810,
3,
5524,
2199,
11436,
1146,
4625,
6466,
4701,
10943,
1018,
6417,
14867,
2069,
4467,
1033,
9728,
4856,
7203,
8798,
6352,
58,
1633,
6248,
6280,
4535,
911,
4860,
11348,
11451,
3689,
13179,
12705,
10743,
2628,
407,
1294,
6893,
8063,
2230,
12711,
14262,
6513,
14035,
4447,
3865,
2656,
3713,
8004,
11258,
4126,
12687,
7560,
5861,
4090,
4807,
12130,
9760,
2935,
3152,
9138,
1694,
7923,
10778,
12635,
3373,
7468,
1365,
9956,
12837,
3279,
5491,
14548,
6486,
4705,
4302,
10639,
13329,
14222,
3584,
9243,
14495,
232,
14702,
14869,
143,
2575,
12684,
13882,
14939,
12014,
13290,
4412,
3466,
2101,
2900,
6923,
14745,
12598,
10606,
10689,
5680,
3405,
2420,
358,
6410,
10582,
4060,
2226,
13494,
5487,
10010,
2631,
5455,
6468,
8490,
10770,
2277,
13157,
8906,
2347,
12062,
7038,
11521,
13868,
8848,
2662,
9263,
4410,
5867,
11170,
3496,
10190,
14958,
7628,
13523,
963,
2350,
10852,
2779,
9168,
14481,
14228,
12768,
449,
2703,
1019,
1001,
11140,
7454,
5957,
12062,
12908,
1967,
13278,
5792,
10884,
1927,
7680,
729,
1632,
4111,
14498,
6601,
3695,
9088,
13022,
7356,
5012,
12378,
2474,
7808,
821,
8928,
2545,
9221,
12347,
12839,
4182,
11099,
10151,
5234,
1883,
1273,
10114,
3809,
7256,
9454,
331,
13954,
5388,
5135,
2981,
6938,
13842,
9115,
7086,
11832,
4926,
12344,
9637,
13863,
8467,
13326,
5583,
11984,
10199,
5275,
13985,
13855,
12118,
5031,
14290,
9712,
13772,
6892,
11098,
8177,
9935,
2754,
10659,
9521,
2658,
4829,
10009,
9914,
1290,
11679,
4831,
11122,
8662,
9664,
4120,
7211,
11948,
3150,
13985,
5911,
9304,
13265,
14085,
8880,
5048,
2568,
7513,
7970,
10002,
4130,
8819,
12395,
8967,
2878,
2238,
2157,
7222,
7828,
8342,
5576,
14003,
9973,
4470,
9710,
12178,
14424,
1400,
11841,
11451,
9449,
5492,
5216,
6039,
11281,
1169,
13565,
11072,
3164,
4621,
11771,
3894,
8199,
10162,
7746,
2133,
6487,
6104,
6510,
12454,
11630,
2193,
9999,
7751,
9315,
591,
14499,
8182,
13015,
13895,
7769,
10481,
2176,
815,
14573,
7172,
10343,
11048,
7850,
13734,
6845,
12066,
7147,
3419,
11959,
2081,
7945,
6523,
8966,
12452,
9142,
1145,
14060,
7758,
6061,
13898,
13941,
1895,
4310,
10460,
3426,
7330,
13210,
12453,
4986,
13690,
5546,
4810,
2837,
14963,
12295,
11328,
12223,
12821,
14037,
5385,
13761,
13204,
5438,
2058,
10780,
8808,
8295,
11673,
13573,
10176,
6170,
11632,
3458,
643,
4492,
12628,
3145,
14975,
8623,
3913,
3288,
14654,
10916,
13036,
11288,
8310,
2940,
14047,
10292,
12546,
9397,
11493,
3178,
14204,
3067,
10364,
10863,
7180,
12093,
4009,
8652,
6325,
4024,
152,
8113,
6166,
4541,
3915,
7588,
14982,
9469,
5955,
137,
8887,
11921,
14086,
3040,
12389,
1410,
7095,
4617,
3642,
9546,
11447,
9273,
6843,
12722,
2332,
6082,
427,
6872,
13014,
13756,
5882,
4240,
2394,
284,
10295,
7068,
11225,
12876,
9644,
13238,
11662,
14004,
12323,
10353,
5256,
2640,
9053,
14908,
2578,
14009,
8309,
3295,
3659,
6151,
7267,
14048,
14854,
2588,
515,
10216,
7749,
4510,
1528,
9085,
10528,
3354,
14061,
11329,
9642,
7184,
14525,
7028,
8062,
11929,
13381,
11264,
260,
9044,
4273,
12573,
9775,
6861,
6986,
3101,
2096,
4095,
8436,
5944,
4076,
13910,
14094,
4039,
7043,
8869,
4855,
5882,
3118,
4215,
13710,
2661,
1345,
4511,
11082,
1010,
14595,
7274,
9372,
580,
4299,
6499,
6941,
14822,
13470,
12450,
6074,
390,
6758,
5210,
8881,
323,
7622,
1454,
3767,
2695,
11996,
3625,
14445,
1603,
7437,
12143,
10982,
2834,
13605,
1156,
11464,
10471,
14847,
7039,
2217,
12568,
8066,
7236,
828,
7718,
2694,
3791,
9753,
11889,
2819,
4461,
14209,
13025,
13796,
2872,
10570,
7975,
1114,
7532,
13449,
8132,
242,
2057,
13831,
5180,
9614,
8476,
14520,
5852,
411,
13899,
3886,
291,
4503,
2427,
1767,
4954,
8113,
14785,
7684,
6955,
5419,
12931,
3492,
627,
12534,
13266,
6365,
14383,
11301,
5300,
6352,
4551,
5031,
8954,
6460,
8516,
2404,
7884,
6974,
12552,
6083,
5348,
2240,
5329,
7158,
2394,
11216,
2262,
10702,
12759,
4098,
622,
6580,
562,
1526,
7430,
14790,
5307,
11544,
3609,
9343,
6598,
10742,
10885,
3948,
7849,
3337,
603,
7046,
14796,
9063,
13215,
13232,
14015,
9886,
14231,
8595,
12943,
10044,
13976,
11434,
1280,
723,
12821,
14125,
2716,
11170,
3287,
5743,
13151,
11717,
9395,
11635,
680,
1829,
7885,
12843,
10978,
9805,
6385,
13999,
14240,
3526,
14262,
2409,
7746,
2819,
8526,
8991,
14165,
1324,
10138,
7818,
2880,
11294,
10142,
1860,
9407,
2430,
12823,
7558,
9154,
10745,
11903,
14491,
14861,
595,
610,
13349,
7809,
10397,
5097,
6723,
11354,
10466,
2986,
5935,
9777,
2287,
14183,
6621,
1421,
12729,
6787,
11618,
7255,
2536,
3209,
10231,
1993,
129,
3720,
7376,
1326,
1855,
214,
12017,
3580,
9990,
13987,
10546,
5639,
339,
14407,
3904,
13345,
2798,
10628,
5917,
8152,
367,
13758,
9748,
12416,
6209,
10953,
651,
12567,
12094,
6898,
12376,
2880,
7166,
13935,
4763,
14423,
893,
14407,
14739,
7503,
1664,
7552,
13338,
2573,
2982,
1602,
7802,
5182,
2644,
5228,
12815,
7350,
4746,
12391,
9039,
4873,
376,
1806,
9994,
3124,
2057,
10574,
14867,
12600,
3616,
5891,
4491,
9076,
5180,
4991,
5782,
4340,
4085,
10015,
13476,
6637,
14448,
11621,
4819,
150,
5373,
8219,
14855,
2425,
3345,
13713,
14839,
4901,
13582,
13400,
11638,
14863,
78,
833,
2881,
6789,
6862,
14478,
13406,
11974,
12533,
2539,
9112,
8306,
14366,
1823,
9633,
7477,
8392,
6939,
11227,
1698,
12150,
105,
6456,
8190,
14789,
13363,
1191,
2182,
9362,
6304,
3991,
7998,
1209,
1086,
637,
14965,
8801,
4318,
4961,
12865,
2229,
11400,
11280,
6718,
1337,
11136,
2963,
9194,
13085,
10524,
10221,
5798,
9505,
11165,
14469,
6992,
5158,
3744,
2839,
9598,
9880,
11812,
14712,
4741,
13253,
11820,
2929,
6066,
1007,
7970,
8498,
155,
6595,
1337,
12420,
11943,
12710,
5396,
5652,
6111,
8770,
5895,
5294,
5626,
9610,
12863,
12066,
7611,
2669,
13657,
12020,
6781,
9642,
4075,
7665,
4883,
382,
14304,
7418,
404,
7521,
10585,
14004,
6045,
4559,
13436,
53,
6591,
12018,
8258,
4269,
2242,
673,
677,
9695,
14274,
7535,
13380,
3593,
9461,
8961,
10033,
11522,
3762,
10760,
8438,
11998,
3644,
4478,
6830,
12455,
9048,
12834,
8442,
6702,
9687,
6658,
14697,
2445,
3021,
118,
11745,
14327,
5756,
2926,
2813,
10460,
11956,
9231,
485,
6327,
7737,
14913,
884,
13718,
4005,
11412,
13537,
7670,
11561,
10732,
423,
4695,
8588,
4868,
9953,
8901,
7214,
5184,
12463,
13785,
175,
631,
4395,
14047,
796,
116,
4155,
7904,
3544,
7300,
8959,
2115,
3542,
2538,
3824,
3263,
13479,
1767,
3434,
5268,
5707,
5671,
13950,
5704,
4881,
5778,
6658,
5568,
12897,
9478,
6546,
4967,
6004,
10215,
14087,
5110,
284,
6,
9534,
1221,
286,
11303,
14662,
2204,
13759,
6586,
14264,
12474,
6389,
7790,
13691,
12589,
2174,
8404,
11707,
14955,
3888,
2884,
13815,
13799,
1357,
14249,
2000,
7266,
1563,
3311,
14434,
1033,
14916,
1069,
6479,
5417,
5391,
6889,
4785,
6984,
3072,
9017,
10594,
7281,
6522,
12350,
4229,
13984,
4578,
7289,
5473,
7670,
11103,
1786,
7622,
5175,
13656,
7460,
10497,
11942,
5126,
8666,
5793,
889,
10040,
14181,
13878,
1472,
6235,
718,
9879,
10074,
14124,
8818,
13493,
8234,
3700,
1375,
3728,
1870,
3515,
9899,
10965,
902,
3160,
2685,
14026,
2290,
11632,
6372,
4478,
9359,
7411,
4309,
5953,
1553,
8240,
413,
538,
5542,
10576,
12165,
11193,
1679,
11287,
4417,
9540,
14710,
3649,
12063,
7960,
1903,
6000,
2239,
6250,
11984,
6023,
7607,
90,
14987,
12307,
9090,
1458,
10883,
4171,
14615,
3520,
9350,
8476,
12956,
12177,
12148,
9586,
11890,
9066,
14140,
6,
9076,
7826,
860,
2999,
1803,
1746,
339,
13085,
14040,
5134,
3552,
7987,
5674,
9432,
13374,
10807,
4761,
12490,
663,
3547,
1998,
9690,
13696,
6570,
8650,
11328,
11909,
9314,
4572,
2652,
2877,
7417,
8622,
7530,
9110,
11745,
7752,
4993,
8264,
2459,
1948,
3583,
13687,
4091,
939,
13390,
6857,
803,
13851,
10278,
4515,
13189,
2793,
10378,
10940,
11283,
3523,
11364,
1709,
11234,
10833,
7378,
9266,
1525,
6557,
5115,
3823,
3384,
3340,
5642,
3917,
1755,
13428,
7161,
13954,
8455,
10606,
14183,
14157,
7825,
10324,
11942,
610,
10247,
3778,
9947,
10992,
13720,
5708,
14715,
4081,
2535,
13745,
13302,
12557,
10341,
14829,
7531,
5477,
8421,
1575,
11504,
9091,
9057,
9215,
10592,
12241,
9806,
13691,
984,
1121,
8194,
1295,
14753,
10279,
2169,
5939,
14371,
10892,
10874,
11889,
6564,
8329,
5420,
3663,
14456,
9956,
8328,
4786,
2471,
11277,
555,
6385,
7105,
9713,
7043,
1871,
10316,
13097,
6935,
13167,
6055,
7226,
3356,
5231,
3463,
8499,
4113,
4651,
10529,
10303,
1179,
6875,
4905,
7809,
6002,
10298,
14472,
12658,
8223,
13738,
3132,
1267,
6121,
170,
10059,
6122,
3110,
4048,
4912,
9666,
11291,
37,
1497,
8642,
2697,
1626,
13771,
13321,
8975,
14362,
928,
4092,
14200,
6066,
3420,
11000,
7698,
10288,
5746,
3833,
6472,
11315,
3583,
11312,
8478,
8505,
2266,
7753,
12734,
2670,
10282,
2937,
11354,
11896,
5524,
6024,
9905,
5527,
8772,
12740,
7644,
7536,
11197,
11198,
13196,
12375,
3838,
5241,
13507,
2614,
4599,
5480,
1609,
10631,
13704,
7866,
7462,
6793,
2737,
8471,
6819,
6160,
2550,
14012,
10751,
3118,
5732,
13274,
8347,
7967,
1536,
8766,
12780,
1739,
12935,
12494,
8596,
5203,
6325,
6712,
3792,
12550,
2878,
4679,
14337,
13468,
8510,
1627,
7783,
2117,
10392,
6143,
831,
5945,
7491,
6851,
4382,
12377,
10165,
1514,
586,
13877,
12130,
12233,
13166,
9592,
10891,
7857,
14454,
4816,
4777,
9292,
13807,
10375,
5724,
3210,
12216,
14517,
11257,
8550,
10393,
5854,
10172,
8683,
8017,
9944,
1334,
1665,
9567,
2581,
4704,
4811,
4505,
9242,
8596,
5484,
13262,
2392,
839,
10986,
11909,
3308,
13891,
7614,
1591,
4985,
1333,
8273,
3040,
4973,
12898,
8547,
5276,
8294,
9504,
207,
3497,
7870,
8020,
13379,
3806,
3840,
14225,
14147,
2723,
345,
14328,
9182,
311,
1456,
12980,
6617,
9166,
4831,
4490,
14983,
3988,
1849,
5870,
7324,
2984,
6064,
14894,
6886,
1065,
12688,
9357,
8255,
5315,
1892,
3144,
5673,
9196,
11780,
11723,
9697,
7438,
10517,
1309,
1440,
3107,
10774,
5378,
4579,
5352,
8189,
8252,
8149,
5941,
4848,
10721,
9795,
1424,
5166,
8485,
6438,
10965,
2617,
3139,
9818,
587,
8228,
8724,
9272,
6055,
13761,
656,
4327,
13472,
8985,
7394,
12722,
3260,
243,
13453,
436,
1945,
10055,
2080,
14806,
8651,
2312,
5592,
10071,
3683,
14161,
4112,
12750,
7980,
5178,
4316,
1979,
14050,
10297,
11022,
14422,
2899,
2268,
13011,
8737,
5631,
7493,
11802,
7662,
6363,
9889,
3904,
13504,
5304,
12695,
12173,
5743,
2556,
12620,
1984,
12113,
8278,
7584,
13790,
12117,
11945,
2815,
7890,
2634,
10682,
7084,
12864,
6058,
14861,
12109,
10812,
4981,
3885,
2338,
1233,
12902,
14686,
8562,
6099,
2656,
12883,
12968,
5803,
14321,
1015,
12807,
12475,
6449,
1192,
4589,
38,
5716,
6575,
5325,
12648,
4174,
1468,
10045,
13614,
9449,
4124,
10098,
13277,
6665,
12316,
2569,
11807,
11249,
4264,
3165,
3517,
10889,
5698,
4136,
12129,
7541,
9270,
11127,
3006,
10565,
11487,
3889,
11170,
1065,
1720,
10359,
4447,
8580,
10379,
13466,
13195,
9123,
5333,
5625,
12791,
2670,
282,
11014,
6804,
7476,
11472,
9857,
12139,
11367,
12107,
11376,
54,
12529,
14062,
5866,
3863,
12270,
3753,
12655,
1004,
12314,
5150,
1139,
11364,
8382,
2003,
11752,
12640,
10794,
5888,
14951,
10795,
11583,
9417,
710,
14786,
7623,
2555,
3910,
2295,
2127,
3137,
5578,
14803,
5010,
9535,
13753,
10960,
7102,
9052,
925,
5069,
3327,
5077,
14299,
1783,
3201,
4051,
5237,
7200,
2470,
14362,
12036,
5164,
5323,
7492,
2706,
7451,
11035,
1013,
11608,
14015,
7049,
10327,
9308,
674,
10299,
10224,
7445,
13338,
1697,
10456,
5871,
3734,
1573,
7751,
13238,
138,
13098,
3186,
11895,
8493,
12303,
2271,
13854,
5016,
8727,
2119,
667,
10187,
10171,
10722,
1895,
10367,
8945,
14817,
6188,
8394,
2472,
3381,
4853,
12583,
14703,
1172,
459,
12808,
13243,
4707,
2639,
9442,
12424,
6291,
5668,
3345,
9452,
7965,
13517,
3697,
11906,
13445,
151,
8775,
14312,
11151,
11468,
9725,
6880,
2926,
6823,
13597,
12123,
9341,
11073,
9455,
747,
9641,
14606,
11725,
6220,
4675,
267,
3442,
3595,
12673,
12369,
8152,
12675,
11780,
4685,
5526,
14625,
11807,
1264,
1001,
6930,
8509,
10123,
4479,
10391,
5321,
5352,
9445,
5694,
14369,
13175,
12432,
11359,
4473,
13726,
12322,
13340,
2881,
1257,
3777,
6513,
8330,
2227,
9621,
6980,
13800,
9834,
2707,
2515,
5041,
2715,
121,
1278,
3201,
815,
13393,
13602,
4114,
14299,
3098,
6301,
176,
6667,
12993,
3849,
7329,
12223,
85,
8888,
4019,
7369,
4463,
14519,
3615,
4515,
9575,
209,
11655,
1735,
11766,
2331,
2817,
2792,
11119,
1650,
11057,
11134,
4806,
2392,
12281,
3816,
3504,
3677,
7714,
6637,
1937,
8513,
8826,
5044,
2925,
2808,
2908,
1623,
7977,
1141,
4628,
2194,
10454,
12676,
10576,
9898,
1124,
14020,
2812,
7628,
1015,
6849,
12283,
13237,
10409,
12988,
11116,
8874,
9767,
1656,
13014,
7125,
12405,
1351,
9763,
14946,
9153,
4656,
5330,
7342,
10950,
2348,
7705,
3335,
3588,
13196,
2359,
13246,
14233,
12089,
4817,
1366,
2632,
10280,
4190,
8083,
1817,
9950,
5162,
7058,
6160,
4945,
5321,
2662,
12970,
13464,
7584,
8447,
6906,
14601,
12385,
6323,
2699,
13578,
121,
12514,
5804,
9724,
7415,
6566,
3772,
233,
7258,
2638,
3734,
356,
4477,
6742,
9567,
11422,
10824,
6714,
1777,
13520,
2612,
1072,
11602,
7613,
7492,
3727,
9798,
3988,
1065,
374,
10270,
21,
7181,
9632,
9809,
9635,
7084,
3451,
13877,
9816,
7865,
10481,
11563,
9774,
4481,
12183,
1716,
9991,
10225,
3343,
10837,
4870,
12569,
9721,
10871,
1622,
59,
5238,
11996,
5987,
14298,
6802,
5154,
483,
10055,
2872,
4824,
12390,
11291,
12656,
7664,
2640,
3999,
9500,
2973,
11873,
9581,
10371,
4654,
428,
7520,
10194,
9304,
5947,
3236,
8591,
5833,
10521,
3749,
248,
7368,
5326,
5998,
7186,
9108,
14672,
8352,
13388,
11068,
2309,
11204,
3042,
11521,
3331,
9454,
1085,
2009,
520,
2218,
10994,
2428,
1046,
6800,
6190,
8055,
6194,
10247,
4194,
14180,
12147,
3829,
7272,
11431,
1328,
10679,
4525,
11556,
3179,
9853,
10992,
14837,
13916,
14817,
1097,
3602,
3228,
8382,
4031,
2979,
12949,
12969,
14895,
4600,
5075,
3869,
10150,
3578,
3953,
3836,
661,
4429,
510,
10111,
13426,
4714,
12074,
5599,
6173,
12653,
9944,
8819,
10474,
12524,
11848,
3393,
654,
7511,
10767,
4767,
8125,
7272,
100,
10928,
4917,
6243,
515,
5183,
6791,
4365,
6097,
11443,
5905,
6157,
14107,
2409,
6672,
3329,
3962,
3097,
7464,
14435,
8062,
13163,
12709,
11791,
12317,
2045,
6493,
4491,
5319,
13978,
2508,
2630,
8517,
5732,
472,
7386,
8830,
707,
6200,
8068,
5889,
7489,
3005,
14636,
5827,
345,
7899,
7836,
13811,
5402,
3005,
6142,
13314,
10496,
4058,
10165,
8431,
6169,
10212,
1589,
4247,
5487,
10042,
4680,
13523,
383,
4449,
8782,
1359,
309,
1468,
3887,
693,
2167,
5299,
14659,
652,
7625,
3370,
4556,
3452,
2353,
2654,
8361,
10219,
8151,
115,
3805,
5904,
57,
2277,
7240,
3262,
10182,
12423,
8682,
13811,
10737,
14812,
890,
13335,
6207,
3591,
13176,
9643,
14306,
14713,
4097,
3683,
1162,
3504,
8445,
9739,
2043,
11350,
4408,
7984,
3255,
1080,
8732,
7422,
1329,
9577,
5859,
5215,
13638,
8486,
2860,
9240,
7013,
5808,
11440,
7611,
5312,
13895,
130,
6691,
7876,
14035,
11422,
4918,
6349,
4154,
12191,
4783,
13125,
8143,
12518,
12453,
1261,
10993,
9191,
3314,
5768,
9718,
977,
4470,
5062,
7603,
14703,
8769,
10007,
6196,
8671,
2117,
1106,
7997,
3749,
10028,
13062,
3376,
14459,
10353,
359,
6103,
1493,
4203,
9352,
14499,
2183,
3497,
14334,
6355,
3080,
12049,
1260,
11605,
11723,
13789,
4808,
2524,
5963,
485,
11148,
12776,
4844,
164,
10287,
7617,
3594,
3967,
2946,
14354,
4752,
4324,
4108,
8823,
12585,
2031,
10606,
250,
13136,
3125,
1095,
3730,
4579,
13692,
8233,
5341,
3828,
13791,
12202,
12824,
6035,
12585,
8480,
11288,
6787,
4647,
10286,
7307,
3825,
13067,
13218,
5050,
844,
14171,
4766,
7862,
5162,
8668,
884,
7497,
915,
8489,
10082,
14118,
14358,
14206,
5227,
13471,
672,
10496,
9690,
3824,
1514,
1709,
9906,
7962,
437,
5422,
5596,
10599,
14848,
2130,
6174,
13490,
3317,
6419,
11596,
10302,
14760,
11332,
2489,
6323,
5785,
7682,
10814,
14148,
12402,
8427,
9894,
4667,
7678,
5309,
11870,
9193,
4045,
2104,
219,
13377,
8524,
33,
10548,
12783,
1039,
5683,
10502,
3187,
13975,
1630,
5794,
9344,
14997,
9293,
1082,
6076,
2488,
3022,
635,
209,
9681,
7703,
12219,
4650,
7455,
4791,
9882,
7204,
1729,
509,
13551,
6657,
12159,
6699,
10521,
1716,
10470,
2577,
3968,
4789,
9847,
7239,
3888,
4189,
2084,
3792,
2588,
12163,
3877,
4144,
1580,
9273,
12396,
658,
2860,
7980,
14903,
174,
5829,
13892,
5099,
9125,
6963,
1838,
4816,
2600,
7815,
6589,
2001,
8376,
13641,
11413,
5710,
12779,
11039,
4245,
14376,
11092,
6027,
5748,
2105,
13847,
12470,
13156,
14193,
8062,
2432,
994,
9065,
4763,
9797,
4162,
14017,
13867,
2734,
14382,
5493,
8410,
9793,
3604,
356,
1389,
1678,
14576,
4622,
2616,
2268,
8841,
9069,
12573,
10753,
1312,
5930,
10543,
12042,
4297,
12910,
3736,
8465,
5636,
11263,
7885,
10735,
9566,
3289,
12819,
4905,
14574,
8932,
10875,
433,
6736,
6468,
8473,
3341,
9685,
971,
2294,
9835,
5737,
11372,
440,
8492,
8425,
2555,
7035,
5284,
2374,
1587,
11451,
9585,
1420,
3732,
5891,
9003,
5484,
7725,
730,
12918,
13629,
4820,
9760,
4320,
6636,
3432,
9438,
12786,
2910,
7910,
12030,
8063,
550,
10849,
14470,
7558,
378,
10402,
4633,
5386,
11960,
9902,
10815,
8505,
8251,
12638,
8059,
5788,
2310,
5420,
8674,
12752,
7675,
3589,
9655,
9386,
1080,
6467,
969,
930,
14923,
6068,
13581,
277,
13776,
11827,
1339,
9253,
10366,
10330,
9,
9980,
13042,
7725,
2563,
13261,
6905,
7913,
14043,
14347,
5415,
6522,
628,
13099,
9905,
3731,
10394,
11264,
6470,
8449,
11609,
4941,
340,
9222,
6188,
12779,
14542,
6505,
7186,
8020,
773,
13470,
5721,
11470,
5374,
13241,
4580,
1086,
3849,
3527,
860,
5622,
12349,
12916,
12737,
13284,
3510,
7482,
5333,
892,
14039,
9028,
9544,
4872,
13347,
6132,
13890,
6631,
3165,
8626,
14675,
10036,
6901,
1747,
9726,
10518,
3437,
13837,
8965,
5705,
18,
10286,
4104,
10487,
10279,
12769,
8172,
265,
4576,
3721,
4035,
8808,
8959,
996,
11494,
11402,
9854,
4986,
12645,
6961,
58,
141,
12561,
5458,
1746,
5399,
9584,
4496,
2310,
8691,
9362,
8920,
13859,
6288,
8905,
8219,
10945,
3386,
5846,
13991,
9950,
8166,
2746,
837,
12208,
3374,
5207,
9113,
2103,
1403,
9409,
14851,
7235,
14248,
4228,
13989,
8624,
8659,
5468,
10345,
11968,
11920,
786,
14690,
5593,
6203,
6428,
13469,
2013,
1945,
9856,
10915,
13570,
12919,
1173,
8076,
7106,
3859,
2825,
2446,
14398,
3852,
8464,
7887,
1435,
12173,
3396,
13905,
9028,
11965,
11203,
13595,
6406,
7340,
5845,
14773,
6983,
3478,
10062,
333,
12563,
8918,
6134,
7027,
12417,
1790,
13353,
6428,
13824,
10326,
928,
3897,
7661,
866,
12730,
5157,
1564,
2379,
7559,
5083,
4057,
14148,
6207,
2737,
9075,
11177,
6717,
5287,
1572,
5334,
7450,
4085,
11367,
8446,
11773,
3944,
2673,
1176,
3474,
5241,
9015,
360,
4117,
4769,
214,
5424,
5792,
1735,
14631,
5367,
7776,
2249,
2565,
2196,
5893,
7942,
4806,
3262,
1950,
4188,
11638,
3166,
1407,
11094,
7249,
5477,
6231,
574,
7899,
6221,
3546,
5296,
2453,
4486,
13220,
13041,
154,
4727,
10308,
5230,
7642,
6867,
4190,
13869,
6466,
14123,
6906,
5833,
7541,
3905,
10174,
5864,
4621,
13744,
14136,
10436,
1823,
4211,
12699,
6817,
9469,
3266,
11543,
9176,
7856,
1849,
3834,
13735,
2870,
9918,
13300,
10572,
13339,
7847,
5270,
3351,
2503,
5584,
1525,
2604,
12684,
1253,
3180,
4432,
1796,
11149,
5444,
1066,
6193,
4044,
11438,
4132,
12826,
3968,
917,
11967,
4214,
549,
677,
3964,
1739,
2060,
10115,
1827,
11113,
14481,
12967,
11654,
14300,
3590,
8470,
10766,
5726,
7730,
9779,
9371,
1639,
8887,
8650,
846,
5264,
5892,
12213,
11854,
12037,
8185,
12829,
7365,
5753,
10100,
2374,
1770,
6944,
12352,
8785,
9339,
10079,
12383,
1817,
9293,
4231,
9195,
12187,
2287,
9647,
8097,
9780,
1542,
8793,
13829,
335,
5436,
11709,
1937,
3323,
8920,
882,
12733,
12992,
9297,
10437,
11214,
13058,
9047,
7476,
4059,
3928,
10769,
7973,
10188,
13112,
4057,
401,
6857,
1069,
11208,
7640,
8746,
9085,
4946,
1917,
14032,
6494,
3658,
999,
9845,
1000,
5615,
9834,
1853,
14306,
9620,
8179,
6734,
5544,
4590,
3717,
14297,
9904,
3941,
8419,
11998,
12279,
5679,
14676,
8803,
20,
8657,
91,
9390,
583,
8704,
781,
11155,
6962,
3349,
1009,
10056,
9567,
3358,
12378,
10893,
6421,
12923,
13942,
670,
13834,
4679,
14526,
4447,
14136,
12812,
12881,
6740,
14446,
1124,
9924,
3446,
5803,
6239,
957,
8756,
14007,
3309,
1840,
8921,
7764,
700,
9282,
3058,
9655,
7817,
1842,
1039,
3172,
10347,
262,
11743,
14598,
822,
3869,
11994,
7243,
3734,
12563,
4731,
8918,
8364,
5973,
2882,
4121,
844,
63,
13214,
4099,
7206,
6054,
7899,
10812,
12763,
907,
4399,
9833,
14261,
14878,
7464,
425,
4828,
9633,
11719,
13910,
4082,
12785,
6724,
7604,
1384,
14671,
10774,
8847,
4651,
11841,
5876,
13405,
8023,
7966,
1863,
298,
11639,
3336,
1889,
2823,
8980,
2482,
13967,
4179,
11906,
2940,
7797,
2590,
9819,
2207,
3292,
12432,
123,
11687,
6484,
12619,
10872,
6370,
7782,
13055,
1465,
3292,
14041,
3848,
11615,
7714,
142,
9100,
2410,
12302,
7983,
12509,
6322,
6521,
12621,
2565,
11612,
3081,
1252,
5805,
9008,
3918,
8135,
9743,
28,
10169,
967,
9060,
6291,
12532,
12957,
2553,
4400,
10684,
6142,
10657,
468,
3721,
56,
13954,
1444,
13447,
11809,
1512,
13332,
11091,
11651,
768,
12583,
201,
12812,
4710,
5859,
5891,
9025,
6495,
14511,
9089,
4650,
14706,
9377,
9205,
865,
3929,
12394,
965,
9869,
3932,
1452,
1886,
3390,
8537,
3803,
1175,
11499,
124,
1673,
6490,
10589,
9758,
5335,
12255,
6822,
1319,
312,
9535,
6851,
9167,
13289,
3141,
8352,
9479,
4834,
12023,
2258,
4151,
7935,
13539,
7207,
12262,
7787,
13653,
6735,
12187,
936,
5006,
8394,
3461,
10398,
12957,
62,
1980,
3684,
13701,
5157,
7351,
9718,
4100,
4651,
13460,
12643,
12385,
10185,
1816,
2461,
1224,
9228,
6403,
11738,
11620,
554,
13660,
2279,
9453,
7317,
5992,
1070,
12737,
13059,
7603,
691,
1822,
9558,
1971,
7083,
3997,
7139,
2643,
12524,
5410,
11119,
11677,
10188,
13926,
5214,
9966,
14463,
13608,
8481,
5572,
9941,
8498,
14004,
4646,
8565,
7058,
7518,
6024,
4157,
12549,
7317,
368,
10074,
4196,
7091,
694,
11511,
5566,
1097,
3902,
2614,
10325,
42,
2245,
10696,
11673,
2465,
9600,
10886,
2536,
9391,
6525,
8391,
13283,
1982,
8663,
4479,
10754,
9053,
2650,
11860,
5202,
12427,
4917,
8592,
10129,
10308,
12862,
10809,
9143,
8703,
13412,
6085,
359,
14374,
7082,
12969,
14550,
7001,
14888,
11555,
6313,
9392,
4682,
13034,
12107,
9314,
9958,
13571,
11684,
3615,
11484,
10444,
11871,
13115,
9262,
11182,
739,
9447,
2558,
10562,
2563,
12068,
11849,
7367,
2499,
