1230,
10274,
1924,
11676,
7291,
1680,
5501,
7094,
5623,
3511,
13653,
2594,
4708,
188,
5892,
12946,
11875,
14183,
12268,
4257,
136,
2860,
4133,
406,
14011,
4253,
3693,
2407,
4543,
3998,
2955,
9443,
1019,
10708,
7686,
12742,
14422,
8517,
7171,
5142,
4756,
6708,
6133,
14953,
2595,
8667,
13740,
10132,
3712,
6031,
299,
316,
10665,
1224,
6660,
9125,
268,
8776,
1292,
5716,
10805,
10500,
10398,
3426,
3159,
3821,
8187,
13455,
7513,
326,
5597,
1643,
3447,
10859,
1139,
2044,
8256,
10876,
14142,
5020,
4674,
8328,
6143,
13905,
14150,
4064,
12129,
2715,
4591,
2558,
5737,
8128,
2652,
14826,
9936,
13345,
14478,
10074,
425,
9823,
126,
904,
2167,
12143,
13069,
2378,
12237,
2471,
8421,
504,
5410,
11169,
10876,
9956,
5356,
3189,
3827,
11539,
11530,
8679,
8294,
4920,
12888,
7666,
453,
6332,
7724,
4185,
10726,
13825,
6469,
12026,
6293,
8640,
621,
11305,
12548,
11698,
12679,
7997,
8177,
2919,
3785,
4267,
8236,
14059,
5317,
23,
4094,
848,
12120,
7346,
8802,
4455,
12995,
5353,
14677,
8453,
6605,
175,
12973,
4678,
5829,
8710,
521,
14193,
8327,
9160,
7704,
9234,
10698,
3601,
6578,
4394,
423,
7301,
6314,
13235,
10355,
5675,
8664,
6644,
9174,
11989,
12601,
7730,
13505,
4027,
2026,
14022,
1253,
12210,
5738,
3255,
9045,
13359,
6150,
8264,
1175,
9879,
8682,
4204,
10118,
1691,
10559,
7353,
10352,
2998,
9898,
7679,
13593,
12661,
12787,
13008,
11034,
6421,
1507,
14087,
692,
14562,
8962,
13699,
1186,
3003,
902,
1084,
14839,
10042,
5693,
9594,
5147,
5541,
12470,
3208,
12407,
14776,
14382,
10347,
12955,
2585,
12575,
2276,
13621,
7202,
10552,
9994,
5595,
10022,
8011,
11043,
10723,
1060,
731,
840,
595,
10748,
8307,
2254,
4248,
8116,
57,
13549,
3315,
1474,
10813,
11789,
5723,
3359,
14694,
7545,
11780,
2300,
8682,
9248,
3026,
14465,
6139,
4596,
2740,
3099,
14338,
14674,
2703,
7326,
8797,
8440,
790,
14136,
4103,
13571,
12265,
10830,
9355,
604,
9155,
13686,
10458,
7522,
8445,
10177,
