14607,
1839,
9729,
311,
3846,
13873,
3842,
9988,
10669,
10356,
3298,
10783,
4815,
7843,
3296,
5072,
11322,
10624,
5992,
3809,
11564,
8552,
7258,
978,
13361,
2316,
13252,
4377,
255,
4672,
7121,
6667,
12795,
4391,
8215,
8107,
2213,
8958,
9613,
14847,
11849,
5720,
5763,
13537,
239,
14888,
1835,
7828,
6339,
11987,
10830,
6025,
8329,
11399,
14278,
6488,
5123,
11884,
8424,
8699,
6306,
14586,
13770,
7226,
7783,
13550,
4985,
12776,
10613,
5870,
2036,
12761,
4867,
13430,
13747,
5847,
11814,
2860,
13917,
2974,
7213,
12791,
14995,
6065,
7032,
7202,
2473,
2381,
3657,
13556,
5965,
939,
12671,
5455,
10139,
11159,
11601,
14531,
14213,
14271,
997,
5501,
12176,
11225,
1747,
4706,
72,
11529,
8018,
8071,
4870,
13814,
7703,
11493,
9291,
5303,
10576,
13658,
2303,
972,
3516,
11658,
8375,
2510,
707,
8171,
6825,
12525,
1576,
12151,
6758,
7666,
2551,
404,
11384,
8879,
12647,
10113,
7121,
7078,
11368,
9762,
5679,
937,
13257,
10285,
8758,
3186,
8293,
5994,
10514,
12634,
6305,
5816,
12989,
12431,
760,
14974,
3254,
8728,
4711,
8633,
7335,
10091,
2735,
5500,
4124,
3261,
191,
8727,
10085,
4364,
13506,
6919,
8686,
2757,
8283,
932,
13098,
3658,
7165,
6011,
7696,
9062,
5907,
10753,
10233,
8793,
13343,
41,
231,
10750,
13867,
8213,
6542,
6993,
12311,
745,
14597,
5931,
6135,
6372,
12075,
3374,
10060,
10114,
11691,
3541,
13314,
1664,
4779,
3607,
14192,
10528,
8185,
10676,
1667,
7701,
5257,
8689,
802,
5477,
10332,
1790,
3979,
4303,
11580,
11567,
8158,
472,
8398,
2715,
6920,
727,
13020,
195,
1444,
5051,
10219,
1547,
381,
3072,
3563,
9187,
822,
6281,
6943,
2263,
8080,
2476,
3865,
6079,
13241,
10778,
2325,
1638,
8671,
3950,
4384,
8460,
392,
14813,
1835,
12441,
14470,
11678,
5635,
2363,
6072,
8202,
2197,
5776,
5983,
14223,
2123,
4643,
5517,
8117,
1504,
4659,
11142,
12637,
4803,
14508,
12072,
10419,
6399,
10153,
6248,
13126,
10663,
13731,
13494,
10292,
1424,
4127,
11966,
526,
6735,
10211,
14707,
8353,
12266,
1621,
1302,
10096,
12432,
2673,
12904,
1311,
7473,
3670,
8731,
131,
858,
12371,
10699,
10108,
1344,
7135,
3505,
11278,
12260,
4845,
12261,
2235,
13871,
14351,
8512,
4050,
1408,
7062,
2126,
2580,
4860,
4398,
5932,
3617,
1680,
12237,
3387,
7895,
1907,
14917,
3644,
2109,
14750,
8955,
10515,
8594,
11964,
1719,
11628,
5857,
4910,
8967,
3512,
14833,
12749,
4761,
13265,
12155,
2346,
4184,
9434,
13238,
13534,
14387,
6533,
7962,
11685,
14259,
11189,
9019,
1769,
10712,
5940,
11520,
2810,
8575,
5248,
5861,
8205,
9276,
11634,
4513,
9125,
4737,
5444,
11878,
14856,
1108,
4600,
9081,
14936,
6903,
10541,
5829,
5362,
9834,
7008,
4175,
9056,
11595,
7258,
8175,
6719,
4038,
13918,
13098,
14215,
5661,
3690,
14222,
3939,
11446,
2471,
3778,
11671,
12655,
563,
13039,
2100,
12155,
452,
2317,
5494,
9558,
10851,
9758,
4600,
12395,
10063,
4210,
636,
13416,
9294,
1118,
3747,
10867,
1325,
6797,
11488,
10341,
3560,
9355,
3895,
9045,
10727,
3556,
13930,
7903,
5735,
3170,
4960,
10293,
3796,
11145,
5546,
8891,
12126,
357,
13700,
10694,
7452,
3898,
14745,
3726,
3972,
893,
8591,
11232,
9897,
13203,
13230,
7424,
489,
484,
14276,
13509,
7164,
14613,
13330,
222,
8350,
11957,
9224,
7797,
974,
3715,
7014,
1332,
5139,
13456,
14800,
13633,
8577,
9838,
4795,
1193,
38,
7535,
3157,
6998,
1065,
3603,
12448,
3287,
9828,
10926,
2433,
5349,
2167,
8985,
3769,
3971,
11729,
4168,
4035,
14426,
4937,
4613,
13934,
5492,
12429,
9003,
1527,
9741,
8931,
3038,
7816,
10949,
7484,
3184,
641,
12585,
3233,
1915,
2790,
3614,
11728,
11329,
2281,
806,
8808,
10851,
12508,
6890,
7527,
8685,
13630,
12294,
2715,
10883,
4416,
7382,
1032,
2014,
13700,
7420,
6623,
9570,
4972,
9216,
7032,
3304,
8262,
11908,
7873,
5189,
4355,
3511,
3764,
1325,
13120,
67,
14670,
12219,
12481,
7163,
14583,
7562,
2839,
10421,
12118,
10047,
14617,
1521,
8928,
13486,
11454,
7808,
4435,
374,
780,
4098,
6783,
4557,
481,
11476,
3134,
14415,
14245,
9787,
2625,
13031,
7420,
3557,
10282,
10173,
860,
2341,
2659,
14063,
10285,
6000,
6623,
7018,
6442,
13264,
4589,
12607,
4211,
4664,
8040,
14865,
8533,
6645,
2515,
525,
2783,
8797,
1528,
6558,
1450,
1082,
675,
3608,
10573,
7834,
8933,
2853,
8076,
6786,
2282,
3024,
12565,
4064,
3347,
2754,
5920,
9674,
2450,
11740,
3709,
1129,
10128,
8127,
6872,
12283,
7631,
10903,
10772,
12754,
9170,
9474,
13068,
11605,
13667,
2108,
7249,
14703,
1619,
3184,
13988,
6372,
11089,
14690,
10068,
5471,
14399,
7002,
6822,
6587,
960,
730,
2637,
2374,
14374,
12290,
3830,
8800,
13402,
1714,
6908,
8556,
2910,
4412,
5151,
2129,
10348,
1316,
12737,
11977,
8389,
10310,
3942,
13677,
12879,
13169,
6515,
3694,
6796,
7417,
14545,
1447,
13531,
7872,
8909,
13442,
4085,
14106,
5693,
2197,
10012,
9450,
3663,
2656,
13187,
14024,
5113,
11921,
10651,
9064,
7040,
5469,
11329,
10121,
5232,
13335,
5326,
6001,
12974,
2729,
5523,
10041,
9925,
14978,
12681,
5207,
14172,
10702,
7526,
11535,
14295,
11337,
8627,
12877,
2809,
7729,
2242,
5309,
2864,
14820,
9912,
11372,
2712,
2950,
385,
8024,
1272,
8127,
953,
7845,
9222,
4607,
3459,
3085,
11281,
8918,
9451,
12820,
3649,
1036,
165,
8815,
9985,
14905,
9031,
5305,
10464,
453,
8197,
7691,
2108,
13824,
6730,
1626,
14779,
1413,
14496,
7651,
8665,
9649,
899,
11464,
5473,
3927,
14752,
14347,
2613,
10584,
7075,
12453,
2457,
11942,
1311,
8121,
1445,
6041,
5385,
12323,
14911,
5294,
13772,
3552,
10687,
7646,
13833,
11260,
2940,
12312,
10232,
1069,
12026,
9575,
5112,
4840,
5684,
7655,
8559,
12909,
1369,
10384,
8958,
9525,
12794,
6937,
6765,
11325,
4055,
1714,
3311,
7240,
12265,
6333,
14735,
11378,
14855,
7887,
4992,
9341,
1556,
11740,
9098,
9745,
4648,
8792,
11249,
9650,
202,
3167,
8222,
9428,
7111,
6461,
10645,
7271,
14590,
7246,
13106,
6251,
89,
8056,
3342,
3733,
11561,
4019,
13490,
2125,
14986,
8236,
10711,
1989,
8425,
3842,
8509,
4829,
12862,
8698,
4552,
12699,
3293,
13501,
2252,
7783,
4592,
2887,
2455,
13466,
864,
819,
14695,
7119,
1709,
12631,
11144,
2595,
13843,
14400,
6307,
4984,
13913,
6067,
14714,
11743,
14730,
465,
7665,
1424,
5946,
10046,
12136,
609,
8186,
4212,
7519,
13526,
7696,
8844,
10938,
8332,
4898,
8588,
5115,
3008,
14492,
10863,
11248,
2140,
3185,
13892,
13585,
14666,
8079,
9528,
2278,
1751,
8955,
13478,
7351,
9867,
13471,
4165,
4204,
14720,
11121,
12031,
877,
11007,
2888,
10772,
12333,
13155,
13459,
815,
14084,
6141,
5466,
8911,
3238,
12267,
2707,
8401,
5769,
14353,
13020,
10149,
1171,
10348,
11410,
9461,
10899,
10827,
9141,
5524,
11774,
2268,
10497,
7753,
5962,
7084,
10720,
12825,
3785,
8563,
14876,
6170,
10666,
1519,
14020,
12464,
3366,
12493,
5911,
9338,
14152,
563,
6016,
12197,
13484,
12678,
10468,
8020,
1435,
842,
1837,
3704,
14201,
11310,
1163,
8869,
11167,
8314,
1015,
867,
1892,
14490,
8448,
4478,
5413,
3763,
11148,
11994,
14332,
11603,
4469,
211,
11515,
12459,
10179,
312,
12180,
2667,
7276,
2852,
8391,
12697,
12522,
9184,
13730,
9420,
4533,
6011,
11734,
3694,
12717,
6248,
14958,
2562,
94,
631,
625,
6377,
6583,
2450,
10806,
12450,
6687,
9040,
9043,
14100,
12595,
3742,
905,
10585,
213,
832,
11946,
4021,
6681,
256,
8493,
9540,
324,
2093,
4006,
10054,
2828,
13969,
10089,
5614,
9363,
7455,
2894,
5912,
5480,
11465,
7524,
9280,
14064,
8520,
5949,
9212,
13577,
14790,
135,
1777,
2553,
11380,
12317,
768,
12419,
1794,
1408,
6860,
12488,
7357,
494,
2723,
2808,
14817,
7404,
11181,
9064,
3456,
2204,
2091,
9037,
13416,
6603,
9906,
11611,
10869,
13055,
5509,
954,
3750,
2626,
14370,
9221,
10408,
11383,
8456,
1105,
6214,
1766,
4836,
10718,
9268,
844,
14628,
9330,
3687,
7044,
1625,
10346,
2528,
2140,
4626,
12136,
9232,
10544,
8642,
12972,
11172,
2199,
5813,
12738,
98,
7355,
14781,
8495,
4354,
11808,
7527,
10233,
469,
14542,
14942,
11133,
12816,
3872,
4299,
13725,
687,
6869,
9712,
4584,
6164,
8921,
13193,
8627,
13396,
48,
8783,
5750,
8756,
4839,
1054,
7439,
13636,
9337,
12590,
12960,
7237,
9257,
8796,
2294,
1802,
7322,
3982,
14323,
640,
14447,
13790,
10497,
13533,
3171,
3905,
3242,
12919,
10044,
1122,
3180,
8511,
4369,
9541,
9724,
8173,
7858,
1383,
3471,
7882,
10171,
6619,
10053,
7074,
6961,
8502,
9536,
476,
2683,
9721,
6879,
9096,
623,
10199,
7954,
9972,
5615,
1298,
10581,
9384,
7195,
11689,
11749,
12130,
14911,
9553,
9128,
9491,
2037,
11449,
2634,
13658,
10705,
3832,
12650,
1000,
2902,
7434,
9878,
6168,
7906,
10000,
9878,
14342,
11577,
11239,
7878,
14784,
6510,
8435,
10707,
115,
161,
154,
3470,
9667,
9813,
8095,
3113,
504,
12056,
6880,
1898,
4358,
1697,
3990,
10200,
6488,
5799,
4904,
5469,
7070,
6372,
7071,
5164,
5226,
8829,
13378,
2056,
9473,
6289,
8177,
6861,
9356,
13289,
9921,
14139,
4859,
5628,
13969,
5756,
10828,
3599,
1853,
13113,
2038,
6290,
13521,
2798,
9630,
9384,
11682,
12051,
5174,
7281,
10116,
3545,
2520,
7522,
9517,
6776,
1769,
10707,
8684,
5502,
8814,
939,
2,
5045,
6086,
9956,
6698,
7017,
7117,
4637,
7772,
6269,
10007,
8317,
12444,
1335,
2642,
853,
8442,
2989,
12087,
9868,
6864,
10185,
14452,
12426,
1321,
6884,
10060,
9989,
9135,
4855,
5804,
4208,
10292,
12998,
7854,
14460,
9947,
3877,
7543,
512,
13876,
1797,
12299,
11334,
5602,
693,
13797,
6812,
7565,
14592,
1562,
5183,
9703,
1906,
1531,
2691,
9835,
11493,
7449,
1187,
1867,
8865,
6975,
5193,
6976,
10848,
9986,
912,
10270,
12435,
2546,
3273,
8087,
14856,
3312,
6887,
1136,
5105,
11145,
6213,
7136,
2813,
8997,
3694,
10773,
5771,
7954,
10707,
7416,
1765,
4442,
8222,
5002,
9305,
3478,
5219,
6649,
14021,
10086,
5994,
2960,
1859,
7932,
2332,
11363,
138,
11688,
9987,
12125,
9209,
1871,
7098,
12221,
9019,
1285,
5561,
3194,
7192,
1650,
14447,
7209,
14433,
9630,
12472,
1848,
118,
1843,
812,
7754,
87,
8357,
12425,
3713,
7678,
1023,
8982,
9006,
5541,
12809,
13765,
2128,
3808,
10360,
11119,
2341,
10063,
9957,
2083,
3529,
6699,
147,
13100,
5200,
722,
14968,
2492,
2927,
2681,
8241,
3180,
4590,
4399,
14364,
9748,
11434,
3794,
7832,
12462,
4948,
6812,
9129,
10687,
1375,
5866,
203,
9228,
5463,
7096,
6895,
8753,
2773,
7452,
5859,
6233,
3820,
4243,
5667,
10064,
13712,
11138,
2741,
7230,
4714,
8683,
11392,
4042,
10355,
2684,
14786,
113,
11202,
6134,
11642,
1471,
5641,
11766,
10271,
5868,
5437,
10482,
3445,
2867,
10760,
985,
5149,
12755,
14229,
80,
3762,
2244,
9172,
14801,
10288,
14403,
253,
12896,
3907,
12443,
596,
796,
5862,
4174,
11088,
5517,
3064,
7029,
14092,
1809,
13585,
9026,
6371,
9466,
2466,
12360,
7226,
8699,
9181,
753,
9780,
11095,
4052,
6670,
3615,
2232,
7760,
2271,
9514,
11512,
4372,
4491,
12377,
11539,
14773,
9514,
2614,
5832,
5790,
9882,
13937,
3039,
5926,
12398,
12411,
14442,
4661,
5841,
12487,
2398,
3910,
12483,
9894,
5522,
99,
6932,
8459,
4981,
13629,
14327,
10296,
7727,
12634,
11017,
7601,
11345,
6875,
3881,
2485,
6146,
13809,
7027,
2055,
2200,
11595,
13836,
12734,
14843,
6799,
13514,
9556,
753,
4109,
11098,
3555,
2034,
354,
3741,
12719,
11467,
3865,
259,
6014,
13504,
10412,
8118,
3984,
12022,
11638,
9639,
4654,
12360,
3629,
3116,
3713,
2200,
1377,
2067,
2801,
2460,
9806,
2722,
12189,
1971,
13093,
5370,
14237,
2300,
3145,
11907,
1276,
5245,
210,
2772,
8976,
2681,
2369,
4142,
14272,
6907,
13260,
6897,
1070,
3304,
9682,
7120,
11051,
2112,
11569,
4552,
4540,
14377,
12149,
13058,
999,
14468,
13019,
13340,
1150,
13568,
529,
4744,
12525,
12153,
9580,
14302,
12638,
12287,
11962,
6227,
2328,
2460,
11060,
11578,
8633,
11442,
2809,
1505,
9380,
12637,
13586,
4989,
722,
9402,
615,
6121,
12484,
229,
12833,
503,
8474,
3862,
892,
4212,
5340,
3264,
14833,
2136,
1509,
7827,
11675,
8754,
12262,
13803,
5311,
5299,
11187,
4873,
11053,
8779,
1254,
2483,
235,
14409,
12725,
10112,
6939,
8335,
12696,
9031,
5729,
2167,
9314,
98,
11885,
11041,
1322,
14440,
14129,
10917,
6076,
11119,
4936,
14377,
13558,
3160,
8822,
11165,
2043,
4648,
9047,
9242,
8769,
7828,
11337,
10450,
11810,
8764,
2026,
14790,
5583,
5103,
10872,
2263,
10849,
9938,
12745,
8175,
7997,
2553,
2247,
8197,
13523,
12367,
11760,
6376,
7110,
4584,
3616,
7777,
2662,
10545,
11669,
8326,
6303,
6215,
3569,
6865,
5947,
12478,
5562,
7349,
6521,
11215,
14317,
6012,
14485,
10016,
2582,
2557,
1393,
14885,
2140,
4753,
12782,
8585,
6635,
5407,
2871,
10356,
8953,
9949,
12879,
746,
5433,
2,
1209,
10866,
11381,
5183,
546,
221,
14593,
8613,
13987,
8824,
13346,
14189,
14632,
11761,
4420,
1136,
823,
9376,
4477,
13564,
11845,
12004,
13563,
7403,
11148,
13442,
13760,
2969,
8722,
8929,
5971,
14500,
9122,
14530,
13844,
6165,
2317,
5017,
13441,
10043,
3679,
1923,
3397,
4082,
4949,
6556,
6466,
9730,
4943,
8927,
1815,
10251,
2368,
10402,
100,
14433,
3203,
4750,
2512,
14604,
7805,
1501,
4912,
1222,
12079,
10508,
12963,
13919,
1053,
7763,
8920,
6733,
10955,
2421,
3332,
8997,
9558,
3675,
7891,
5340,
11047,
4186,
2525,
14628,
2042,
4359,
13991,
4596,
6633,
10507,
12165,
5669,
10569,
5957,
2934,
1623,
11522,
12884,
13670,
1886,
13661,
302,
6685,
2224,
7666,
12905,
11519,
12476,
802,
8285,
2200,
1949,
10322,
394,
14704,
7604,
4979,
8580,
12468,
6376,
7652,
7164,
10977,
3706,
7952,
7499,
12821,
6804,
12063,
2100,
13366,
8222,
3259,
5031,
7706,
13106,
12251,
4938,
2483,
3179,
11291,
4317,
3340,
8377,
3762,
9419,
2241,
3044,
1014,
7470,
10256,
1326,
5138,
7554,
13367,
7053,
13052,
13482,
12164,
6782,
1103,
8863,
2050,
13489,
9555,
6454,
5718,
7063,
11165,
12944,
7230,
8989,
7178,
4750,
9847,
5176,
4770,
3635,
4280,
11870,
4468,
12490,
10720,
12011,
2907,
7058,
3805,
5230,
772,
14661,
14839,
6938,
5129,
13554,
12080,
1238,
7948,
1447,
5695,
11305,
4306,
12819,
657,
11532,
2555,
11704,
10786,
9828,
2139,
14131,
5977,
13173,
5389,
9435,
14,
1652,
10063,
13351,
14099,
11615,
4655,
4445,
7736,
6490,
3163,
6098,
2339,
5150,
13270,
3558,
10439,
7215,
4974,
4054,
14892,
1748,
6530,
3386,
11114,
5157,
884,
7253,
4313,
9758,
11550,
14018,
1476,
10247,
14338,
13837,
9443,
14876,
1853,
1005,
6449,
7845,
14334,
1466,
1457,
8430,
4504,
20,
4707,
8092,
13074,
7241,
5136,
9966,
12440,
12990,
11936,
8523,
11840,
13151,
9947,
4135,
7632,
4611,
10389,
12437,
10586,
9340,
3108,
4710,
2060,
3526,
13144,
1690,
3262,
14843,
2976,
14034,
14426,
7860,
7345,
6622,
7580,
7655,
4177,
9894,
11671,
14445,
9833,
2210,
7159,
10599,
9006,
12928,
14998,
14124,
6935,
2744,
13784,
7531,
4019,
11635,
7739,
4885,
12965,
1920,
11399,
9852,
10974,
5594,
14924,
1413,
9791,
6321,
8119,
5079,
10114,
14906,
13729,
7005,
4387,
8405,
3805,
9757,
5015,
14299,
4096,
2629,
3722,
2363,
11595,
10059,
12129,
3053,
6475,
3166,
9492,
10755,
11618,
10395,
7976,
12811,
12440,
9729,
10741,
5711,
10806,
11344,
3454,
942,
4033,
611,
12265,
6287,
13510,
8899,
14386,
171,
2008,
10858,
4603,
11198,
7573,
2326,
14602,
8063,
13663,
10721,
12506,
7877,
6985,
12930,
5468,
7448,
9779,
11603,
12053,
6725,
145,
8515,
2373,
11330,
1478,
4730,
1745,
8563,
11861,
6367,
5610,
4224,
7005,
12840,
4806,
4081,
13460,
4309,
3034,
7655,
5440,
5907,
5357,
4905,
4808,
14540,
6658,
11984,
10675,
10392,
3160,
7266,
10989,
8299,
4155,
157,
9201,
14945,
9520,
1622,
13733,
12212,
9271,
3398,
14039,
11379,
1920,
4104,
12270,
7981,
9024,
6688,
12502,
4151,
6389,
10448,
7767,
4360,
8208,
3683,
1798,
14547,
10931,
5467,
6818,
8907,
2000,
1534,
8546,
8011,
7861,
4703,
9293,
10508,
12138,
1645,
3971,
11776,
3700,
6209,
6576,
13774,
4651,
8962,
9805,
4544,
5291,
4956,
5674,
8596,
6121,
6813,
12235,
7040,
6883,
1584,
11412,
13077,
5217,
3343,
14293,
8271,
8533,
12262,
2880,
3658,
14865,
9153,
6348,
2342,
7334,
13794,
705,
10554,
3417,
6055,
7581,
3990,
5940,
5777,
2501,
11382,
11757,
7034,
2365,
10781,
7195,
13609,
9176,
5873,
2309,
2294,
10405,
13307,
10776,
461,
712,
14544,
12305,
13268,
10372,
630,
11749,
13135,
13868,
803,
8371,
6835,
13098,
884,
4731,
7693,
6058,
671,
9471,
7908,
13188,
2617,
6762,
5706,
14936,
10424,
14468,
6344,
1067,
7066,
11978,
6610,
7894,
14951,
11154,
12953,
219,
10262,
3773,
13827,
4243,
4852,
8225,
10812,
1152,
7073,
14815,
12927,
2399,
622,
3558,
8391,
6865,
11111,
10573,
1019,
11694,
11989,
10785,
6356,
5123,
9558,
14684,
10539,
13541,
14435,
6787,
6968,
11767,
10488,
2463,
9430,
4137,
3539,
8198,
4773,
3941,
5216,
2094,
9369,
6415,
12196,
6037,
8838,
8585,
2371,
14649,
5913,
6256,
498,
14096,
11806,
11261,
14733,
8060,
3240,
4822,
9278,
13587,
14260,
112,
13939,
8408,
566,
13928,
3134,
2854,
7225,
8435,
9262,
12657,
13659,
7418,
3442,
11925,
3701,
5795,
2921,
12133,
11603,
11229,
9869,
2382,
7431,
7058,
2752,
3116,
5510,
2919,
7305,
13143,
3259,
2603,
1638,
7376,
1528,
14037,
5336,
1081,
11378,
13733,
3364,
3750,
9919,
2230,
2539,
924,
2491,
3903,
2085,
10333,
3982,
13865,
10594,
302,
13033,
10094,
7149,
7376,
13628,
13877,
13476,
3708,
14088,
378,
8700,
8793,
14758,
1788,
2113,
13555,
13185,
12008,
3142,
1738,
7957,
7443,
14747,
6834,
12614,
8496,
7053,
11309,
10585,
8202,
4578,
13494,
5001,
12777,
14506,
2494,
7377,
4281,
5396,
9323,
1504,
3291,
1154,
5563,
11646,
3725,
12589,
1117,
5060,
8142,
5366,
9252,
10170,
12994,
4538,
8150,
6109,
8019,
14651,
10940,
1015,
12095,
9251,
14425,
3164,
11314,
2761,
1044,
5931,
13137,
10930,
9373,
7596,
10470,
1366,
3508,
12360,
8596,
3329,
4608,
13935,
10172,
6641,
12751,
9017,
9430,
13464,
9094,
10785,
13394,
3036,
4768,
14313,
11742,
3289,
9820,
13271,
12772,
1524,
8263,
14635,
14151,
6862,
7159,
120,
7975,
691,
4160,
869,
1335,
11389,
6052,
4266,
5717,
13067,
6340,
2889,
8340,
5276,
10969,
14321,
12357,
11903,
2210,
23,
8503,
3002,
2187,
6178,
12481,
4077,
9619,
6720,
8398,
11984,
11053,
11466,
9522,
9962,
5765,
8155,
158,
9160,
7887,
6123,
14452,
8879,
6958,
9903,
6005,
2575,
7886,
12192,
13393,
6154,
3180,
1860,
2364,
13777,
7007,
14733,
9155,
13336,
3285,
6260,
9832,
12077,
906,
4296,
13106,
4471,
11292,
6349,
7548,
1105,
3465,
6944,
12495,
5354,
8583,
11462,
12616,
11388,
8173,
3170,
7113,
8680,
11919,
12261,
5471,
4537,
4628,
13729,
2049,
4672,
6149,
2423,
7687,
3294,
10898,
10199,
4455,
2886,
2295,
6956,
9464,
10704,
2211,
14318,
4831,
1260,
6805,
14973,
13547,
5760,
10542,
12329,
12051,
14230,
5711,
8031,
8704,
2435,
10076,
3507,
7097,
793,
985,
5735,
495,
10442,
11850,
3210,
1332,
10047,
756,
1677,
5297,
5279,
1868,
9448,
11961,
12624,
6758,
3313,
12601,
6015,
14740,
9111,
1279,
4059,
11559,
5864,
10003,
7800,
4294,
14338,
12739,
13274,
13738,
5152,
960,
4879,
1867,
10425,
1943,
3109,
6002,
12365,
11969,
10509,
5124,
2248,
2918,
2775,
1607,
11683,
6291,
2,
1165,
6952,
7173,
12619,
3087,
13091,
13955,
327,
9083,
4748,
10633,
13907,
2799,
14872,
3906,
11597,
10899,
1419,
3502,
10942,
13207,
9768,
495,
4947,
7771,
12849,
7261,
14172,
3703,
12292,
14932,
12755,
6275,
11317,
8915,
6364,
11202,
12889,
488,
14141,
7255,
12042,
718,
8529,
14946,
5453,
91,
6621,
11964,
7944,
12996,
10123,
1549,
7142,
6778,
13434,
14752,
10242,
9607,
7577,
9354,
10418,
12865,
3813,
1149,
5868,
8748,
161,
12174,
9944,
10110,
11877,
5862,
13444,
12813,
2393,
1954,
13789,
14122,
4830,
2136,
12345,
66,
11667,
10194,
7689,
11873,
4966,
7154,
1181,
7141,
7287,
2421,
715,
8783,
11589,
3878,
2942,
2065,
12220,
8094,
13124,
6137,
9973,
14053,
12288,
6278,
5342,
14886,
1816,
6170,
13350,
7815,
13447,
13594,
13837,
7690,
3941,
2543,
213,
9678,
8627,
7900,
7120,
8475,
1339,
7035,
2854,
3492,
7449,
2180,
8012,
14793,
10954,
7143,
847,
700,
3596,
277,
5231,
10758,
3122,
2365,
7595,
10826,
4796,
4021,
3957,
5662,
2075,
12018,
13104,
214,
4709,
11805,
7874,
2578,
5928,
7565,
4131,
13271,
9800,
12626,
12034,
12708,
12938,
6783,
4930,
7726,
5109,
2506,
2876,
12766,
1819,
13601,
4074,
3276,
9055,
2876,
11642,
11502,
6109,
12979,
4104,
4031,
2446,
8286,
7700,
4832,
5638,
252,
14673,
344,
8953,
14497,
8898,
10723,
6444,
10260,
1962,
12179,
10536,
14652,
5034,
1164,
12002,
4619,
5295,
4674,
1184,
6135,
9447,
3052,
14598,
14009,
14894,
2887,
13140,
11188,
6781,
2708,
12549,
2553,
2329,
11071,
5780,
5696,
8996,
2894,
88,
14152,
13859,
1279,
7960,
12785,
8707,
13961,
12484,
7396,
13406,
6736,
4457,
718,
5073,
7479,
9332,
6679,
9180,
6944,
1875,
7228,
14628,
245,
82,
6554,
3613,
97,
12233,
8813,
3517,
2308,
2678,
908,
3989,
1010,
5413,
13412,
14162,
9650,
797,
11779,
684,
12845,
4021,
13895,
8429,
6576,
7719,
5225,
8728,
8775,
12630,
450,
2241,
7462,
14955,
4298,
6212,
9017,
10048,
12769,
13781,
4799,
11623,
9759,
6549,
11446,
4872,
8517,
4635,
9744,
13644,
7210,
1934,
578,
4135,
9554,
1636,
4323,
5875,
977,
4640,
1442,
1801,
3724,
578,
5822,
1514,
7357,
6585,
9467,
9999,
3550,
424,
14316,
6199,
6684,
3194,
4773,
1129,
243,
8087,
4146,
9093,
3118,
6882,
7589,
11967,
10404,
10810,
1395,
11156,
7279,
8005,
6055,
2996,
12314,
1433,
1349,
5836,
8826,
11000,
8174,
11709,
5513,
14959,
4426,
8253,
3506,
2719,
12853,
13784,
10523,
9529,
9542,
213,
6711,
7623,
13608,
1181,
5984,
8679,
14597,
11827,
7965,
13644,
5732,
9116,
7251,
5731,
3446,
1597,
1947,
1118,
10927,
6635,
7436,
6443,
14586,
3904,
10928,
9772,
1876,
7118,
14039,
1215,
8983,
10683,
4398,
12363,
4430,
4830,
10936,
12503,
5921,
4141,
838,
81,
10534,
11053,
9949,
6193,
5653,
1216,
12448,
1554,
5993,
8367,
10431,
14494,
7227,
11487,
3895,
1414,
494,
2340,
9470,
8994,
1391,
2358,
2300,
3495,
6266,
272,
13226,
10812,
5455,
3401,
7376,
6462,
1834,
7121,
3108,
4906,
6739,
9036,
5823,
8731,
2579,
8764,
11805,
7399,
11544,
201,
1346,
1601,
1267,
8120,
4721,
10438,
4425,
4603,
13373,
3549,
14522,
12893,
6604,
1678,
6750,
4144,
1778,
9069,
6132,
6341,
6120,
13303,
4774,
5074,
8109,
6550,
3636,
10293,
5396,
2766,
9250,
2305,
5797,
701,
7778,
10154,
1096,
662,
9426,
6969,
7757,
1280,
3126,
2984,
11759,
6323,
1556,
4080,
12021,
11216,
3696,
5071,
8381,
6899,
7470,
8497,
7323,
8687,
5093,
1924,
11534,
14678,
7944,
3386,
371,
4895,
13957,
14203,
1664,
11056,
4626,
1683,
13888,
5572,
14615,
14782,
422,
3147,
7477,
7653,
11828,
11211,
14229,
14653,
4924,
929,
7472,
4829,
2705,
8951,
938,
5230,
4583,
977,
11200,
7302,
6124,
61,
5988,
8712,
14287,
4032,
14314,
13539,
8590,
2011,
10186,
358,
4707,
34,
11893,
4086,
5155,
13796,
1367,
4531,
8169,
12193,
14775,
11914,
6404,
7638,
827,
1097,
14229,
11514,
13890,
12098,
4200,
465,
1484,
7894,
4415,
6082,
14231,
14150,
12973,
12063,
7848,
176,
11550,
6037,
6968,
7725,
10729,
4589,
13143,
3434,
11582,
4443,
8437,
3198,
13730,
11385,
3804,
1272,
14770,
887,
1027,
13486,
4906,
5922,
12773,
13371,
8917,
12617,
8721,
7068,
9430,
5035,
450,
6289,
3774,
7899,
2411,
8064,
11349,
13037,
2012,
14166,
8860,
7368,
2990,
7399,
6496,
6293,
11400,
11030,
1858,
7534,
1911,
3337,
14080,
6752,
10847,
6505,
5990,
2902,
13342,
