1792,
9289,
3969,
313,
1654,
4881,
600,
273,
3513,
7652,
6128,
9151,
6302,
8944,
7496,
7543,
8217,
8327,
8001,
9540,
4007,
6739,
8876,
733,
278,
4366,
7070,
7372,
8650,
913,
171,
3241,
8306,
490,
1329,
9140,
1969,
9266,
7212,
3397,
528,
6015,
1408,
7654,
7233,
9895,
9521,
5444,
838,
4454,
8485,
9036,
9501,
9695,
3933,
8597,
70,
4500,
7572,
8831,
3574,
2224,
2416,
2405,
6667,
5397,
8112,
8658,
230,
1940,
783,
8980,
4797,
8736,
6734,
3128,
8110,
1676,
1027,
5959,
537,
9807,
9426,
8787,
6877,
3060,
7404,
765,
9104,
2837,
7451,
6842,
1370,
3219,
6254,
2155,
5499,
9035,
2091,
2552,
6728,
6149,
2303,
7731,
8618,
6152,
6576,
7122,
4031,
9215,
7889,
7679,
8592,
2175,
4575,
4771,
8692,
4031,
8239,
323,
5255,
326,
6089,
9994,
4946,
7136,
4111,
5783,
9513,
2000,
7119,
2837,
365,
2758,
9736,
6873,
2227,
8797,
7272,
4626,
2989,
6148,
6293,
6201,
7233,
7256,
1005,
6448,
9411,
1869,
9393,
1924,
1664,
9577,
290,
5735,
8930,
8207,
170,
6170,
7267,
6572,
8471,
2290,
4617,
1032,
1951,
4064,
9515,
326,
2430,
3105,
2527,
1734,
2841,
9696,
4058,
4197,
2692,
1483,
7885,
3584,
3858,
3378,
1100,
9357,
7984,
9929,
705,
4158,
613,
5794,
2824,
555,
6366,
5262,
8815,
2898,
6066,
4951,
5091,
3280,
9093,
8888,
6421,
6191,
1293,
343,
8863,
5975,
192,
8336,
9845,
5364,
4708,
2111,
1394,
9175,
7789,
3160,
7332,
1645,
6144,
4545,
7375,
9762,
3098,
8995,
449,
2653,
6968,
116,
3418,
5043,
3844,
8171,
3068,
4281,
5420,
5868,
3461,
5191,
7310,
2509,
5743,
1249,
5935,
5334,
3878,
8530,
7414,
7884,
2103,
5597,
9239,
9056,
9086,
5990,
7796,
7063,
970,
1949,
7364,
7898,
917,
1118,
6218,
4319,
6721,
4243,
607,
6736,
2906,
2925,
54,
7125,
9066,
417,
2723,
9656,
9951,
1558,
7029,
1422,
5166,
7447,
8219,
6614,
5098,
2658,
3161,
5173,
7064,
1023,
4127,
9545,
5292,
7284,
1406,
342,
7565,
4801,
1368,
3593,
5295,
9283,
5716,
718,
6186,
1992,
4800,
9411,
5042,
1397,
7309,
7951,
6302,
6681,
5598,
3188,
7693,
5391,
1272,
6694,
5803,
478,
3839,
130,
15,
3706,
8298,
8561,
1266,
1153,
4807,
2202,
5026,
8044,
1630,
9914,
4846,
7497,
2202,
368,
1616,
1546,
4779,
4637,
5827,
1069,
8145,
2759,
6870,
7010,
1652,
9230,
5163,
2054,
7119,
4234,
898,
3803,
6658,
4168,
2960,
7786,
8653,
8956,
7989,
3175,
7066,
1653,
2266,
298,
8053,
5330,
5761,
7132,
623,
4746,
9473,
8260,
3360,
2236,
4692,
5330,
1818,
6970,
5627,
5410,
1494,
4602,
7578,
2219,
8289,
8958,
4288,
4931,
1190,
2762,
542,
1624,
9314,
6254,
3361,
7036,
7434,
5234,
7768,
6515,
1576,
3877,
294,
3113,
992,
1914,
2509,
2240,
1577,
6987,
7873,
1792,
1607,
440,
1520,
48,
1604,
7463,
2123,
9456,
9405,
3410,
233,
8246,
9150,
6833,
2603,
4855,
7610,
868,
7906,
8864,
515,
8676,
5224,
173,
6381,
3011,
2960,
3068,
63,
9579,
2987,
9046,
6088,
5376,
1873,
871,
342,
6547,
2846,
8894,
1355,
7650,
1934,
9358,
5888,
8057,
7211,
789,
6695,
8386,
3561,
8700,
8894,
627,
5960,
4183,
8480,
884,
6909,
2733,
162,
3625,
8432,
1834,
8420,
5997,
7346,
8867,
7645,
659,
3289,
7401,
4192,
6469,
1714,
7747,
3644,
8707,
2140,
2288,
1708,
8760,
345,
313,
6506,
697,
8350,
7443,
6306,
3680,
1340,
1707,
7701,
1171,
8921,
6460,
1455,
2897,
4252,
770,
3485,
2790,
9301,
7731,
383,
314,
322,
6301,
8465,
7320,
5100,
5253,
4603,
2361,
2150,
9967,
3156,
8962,
7155,
6762,
5700,
5144,
353,
753,
9660,
3484,
5485,
1180,
3572,
8667,
612,
2107,
9356,
5047,
2308,
4399,
8376,
1523,
2639,
169,
8407,
2374,
4259,
2580,
4257,
8795,
7341,
1810,
105,
557,
2324,
683,
6192,
6649,
1980,
197,
197,
8569,
3539,
6466,
7565,
2758,
2397,
2511,
365,
39,
8508,
1616,
8994,
9053,
4967,
6000,
275,
8070,
1805,
3068,
6867,
7002,
918,
9203,
2005,
4925,
5942,
2259,
5106,
7699,
9865,
7235,
5463,
3573,
692,
6148,
8080,
9233,
7658,
1720,
4132,
2472,
25,
2128,
9024,
670,
7055,
7951,
8549,
4096,
776,
7369,
2405,
5171,
281,
8472,
8998,
923,
6900,
5832,
90,
6740,
4267,
2188,
785,
6742,
6871,
1781,
4757,
7260,
5923,
1060,
2855,
1615,
857,
7967,
9164,
3837,
7177,
4676,
8962,
4442,
8410,
8975,
6906,
1161,
4794,
6268,
1845,
9564,
8674,
4978,
792,
8621,
3450,
4617,
9293,
2790,
1508,
7788,
8619,
4764,
414,
9058,
4879,
325,
356,
4930,
7211,
9826,
461,
167,
5209,
933,
5915,
1444,
6954,
830,
819,
8761,
4129,
6166,
2252,
6192,
3905,
7994,
3399,
7480,
3247,
1021,
1333,
4045,
7109,
5767,
9729,
5941,
4375,
5476,
180,
411,
8417,
2702,
142,
1507,
1532,
2983,
3985,
6002,
8658,
8655,
4224,
8353,
2683,
7356,
8093,
8884,
889,
2986,
2007,
4260,
5518,
6055,
5460,
6121,
9228,
8622,
2007,
4094,
38,
36,
5741,
1255,
