12587
14984
12352
2793
2314
13380
3797
3412
13654
7340
959
11602
13627
8745
1427
12056
5792
5366
6525
288
6699
12426
7765
10975
9007
6558
5967
3148
9479
5649
13453
2316
8128
10050
2361
2044
14186
9914
7100
1353
12568
14351
2939
8503
11664
14315
6436
7595
13068
11566
8260
9271
1280
2703
3159
2702
13078
7789
3777
3822
3231
185
1592
9086
13564
2784
12991
271
7694
8650
5025
13574
8241
5863
6531
6564
5485
8397
11584
784
5715
9656
2551
10654
669
8651
7437
1285
12920
6699
6434
7454
6846
952
11675
7729
4903
14154
6229
2416
14548
12977
7137
10914
10409
2321
9082
11729
10135
9416
958
11701
8651
1586
5615
8551
5845
4036
547
10844
14717
1760
11531
12074
8122
927
3238
14899
250
12975
6981
7054
9469
2454
2380
9360
8478
5617
5230
4615
5995
2888
12726
1375
14015
12188
8460
2377
10174
906
2903
14485
6119
13375
9120
11292
3118
12140
7443
8457
8092
1451
5094
13055
14135
7205
12384
704
14357
8604
8275
12460
2201
9081
10080
5484
12560
13856
3805
4315
8316
4322
12422
3551
4422
12640
13207
6400
12098
3983
14990
2984
4751
11379
11114
8320
5897
11406
11403
6406
13985
11989
3655
12583
12702
2525
9191
920
11836
10143
7303
11175
12275
10348
13113
5882
10388
14240
12996
3826
8350
2267
10421
8116
3884
3068
137
12820
4531
11455
2682
1645
13865
4984
11719
1490
593
8135
8914
4285
5369
9688
9407
427
6937
12038
27
11765
11414
1097
10895
14340
8396
5111
7281
5950
132
5016
1173
12015
9545
10546
3177
7103
8638
4422
11855
5501
11202
13648
6260
14125
7256
2201
7742
6464
2078
2765
10923
11814
14018
2631
4725
4388
8681
6429
8547
3557
13745
12998
13273
10495
10861
7504
12141
7157
3584
10177
4785
14041
9361
8860
7539
14346
11890
411
11708
8220
14943
10987
11984
9384
5722
1082
2623
2031
10838
12546
6703
3637
10173
3378
3096
10226
1726
12112
5674
1994
5600
10985
10045
4176
3369
3511
9493
9771
8605
7691
10050
7081
13379
4434
10778
8972
14879
7829
2512
7645
5043
12614
13496
12294
12280
11600
13861
7837
9802
9715
8281
14838
4350
3164
3929
13361
8376
9473
317
13808
9099
11251
69
12264
12772
12250
6277
4938
4812
713
13288
1135
13889
7801
5064
7117
4522
12299
9690
5921
6702
10572
11151
5607
12105
6161
14266
7769
2016
12971
8807
13555
1725
5487
12136
11216
13923
2160
1418
13035
697
227
7437
3201
2286
14831
5375
700
3003
3631
1512
10495
13256
70
10607
3057
7168
10701
3629
9271
2501
708
6511
13022
10661
14993
78
616
12790
7324
6130
10030
5975
13724
14583
8049
13090
6069
5799
6732
2118
12026
5751
4004
11272
9444
4096
9
13445
13283
13053
167
1047
4488
9722
12941
9085
11067
12817
12592
10778
2630
13165
4321
2255
11624
1325
4156
10876
2118
7332
9727
13059
12702
7252
10786
6435
9297
8376
13814
4315
3352
11599
14443
3017
13431
5865
10528
4243
76
6388
5006
12561
13433
8737
9593
5364
2985
9233
1076
1697
13776
4368
9958
5304
7756
2790
3379
1959
807
456
539
1882
13790
10165
8997
2092
10667
53
12364
5746
1841
4953
8662
11415
8737
2680
4019
8762
6038
8573
3902
7827
1610
13641
1707
8664
4333
11039
5860
4617
11534
14474
12774
2797
9666
6305
7495
1764
11465
10824
543
8198
8951
5438
3240
11
6053
12286
709
9409
8771
2968
686
5172
11446
7406
935
12415
9065
5228
7027
10403
4333
7556
2755
7599
737
12471
7907
4386
1421
10815
13238
8881
10831
3802
1222
2934
2420
2913
14417
571
2159
769
7472
5272
11779
2415
2946
5833
3090
5275
9493
7809
13141
3199
98
8357
4356
13365
10570
12765
10317
112
2324
10148
10654
10553
6719
8534
703
14579
10405
7657
2914
984
6992
2413
8648
6768
1097
14167
8580
2443
12243
13577
9268
1095
811
11844
7698
9118
1357
1145
1928
1481
8892
2137
2734
10756
14896
13084
9728
9490
12126
10485
11298
13361
7627
6822
14598
4355
9115
3669
12501
2137
5892
11001
7770
2008
916
11901
14707
13280
144
2759
10808
14748
4476
7040
3463
13320
8719
14216
3208
8481
10913
6513
5519
1800
287
3091
1189
13118
12961
6403
8756
10143
2992
5040
4186
263
12283
7436
563
7064
3695
13122
4957
5867
138
4327
2686
10392
11039
4484
1132
5271
7992
2250
1411
13606
6877
3323
14429
5144
1850
6567
2258
11257
5014
6827
1983
4731
9670
6932
14011
4172
7861
5184
154
6265
36
954
13300
6677
10368
3444
1815
11431
12538
13677
7816
13053
11918
12705
7238
2590
3536
6762
8010
5468
6648
7521
3722
14296
12634
14903
3027
6324
5649
8164
13055
4089
3101
10613
6849
5460
9464
6632
918
3742
11281
10526
11029
11087
6797
6580
9767
2924
4470
11482
9128
14402
10723
7544
102
14866
8360
14878
7207
2571
10421
11371
13774
10482
12720
9640
2019
10970
10714
11725
6063
6590
9505
9384
6119
2020
11353
13867
6257
3194
10439
5492
14650
6072
14706
7214
6938
13596
13456
2079
3488
1910
12185
5812
112
5272
795
13560
13686
12360
221
7
4974
927
4952
2870
13030
7212
6184
10567
7765
9606
13704
1272
12534
3729
4545
14296
14079
5783
12180
5426
3192
7908
8464
1288
5942
10718
942
14917
12437
12284
14969
1442
1087
8812
7959
13106
12007
1918
11808
8330
12430
7855
13400
10495
8468
6280
240
13622
10938
5321
11161
6017
11180
12377
8086
12563
14582
10227
13413
4759
13136
3537
8166
11010
5104
987
11739
804
5450
6628
10105
7292
2671
4681
3929
880
4917
6156
4219
13239
13513
3998
4757
11591
4232
1539
12788
5153
12772
3901
10612
6464
13949
14445
1021
10492
828
10445
2431
6423
3305
9930
9860
10136
6315
13394
9381
7194
876
3133
13712
10098
9863
1351
5050
3866
13870
14352
2864
13570
9626
2374
5473
12261
5127
3927
8728
1539
11587
4905
12583
13337
7919
8178
5130
6193
7078
3021
12756
12083
11879
6699
11515
6463
11178
3819
4605