6057
12940
6085
7610
6144
3669
2806
10739
10281
7725
6461
11014
12696
2264
13159
6916
12147
9197
11078
7888
14736
59
2551
11543
6380
13851
13525
14253
10652
2144
14245
9101
10398
8126
13220
5555
3073
11422
6602
11519
4020
976
1717
8532
5930
6982
3372
9985
10271
2177
12784
1464
1266
4515
13610
13137
14475
11997
9045
11194
4636
12217
8629
7436
11726
12240
12542
744
1218
5413
7520
10799
5348
7022
3332
12555
1404
9133
4307
5735
5385
14368
428
6034
10135
3577
9256
11793
14924
670
1406
3234
9277
13338
10845
905
8819
14746
6706
7073
10440
2405
13843
4398
2168
11495
1516
14865
4104
14501
3504
5217
224
3930
6791
6252
13479
12560
2651
8046
3277
11517
8356
9390
9014
5774
10945
3546
720
6712
9326
3966
2848
13231
547
2497
7158
6550
14208
6695
6657
14697
8210
9189
5252
3424
6595
7316
694
6118
788
3600
7785
4023
4111
13992
13663
6854
716
6137
2519
13541
3938
5789
14209
10032
9225
6822
13579
10862
1511
11700
9091
12330
13215
10507
7457
13094
7675
3917
12937
4877
125
6444
931
1090
10264
2445
8284
11650
73
2134
3214
2194
4456
10091
8601
13222
8407
4643
14472
3935
10224
5348
8871
12165
9111
6888
13156
11861
10609
12550
3258
6921
8949
12058
817
5603
13054
5960
10283
10329
8033
1597
6605
7506
8494
790
14159
3802
2859
13092
9955
12872
14280
3422
6096
2965
13105
14367
1860
13722
12346
11854
6089
8998
3936
10567
2319
12022
7
5246
13708
13979
3125
5592
12444
13296
715
3121
7392
6953
8885
14637
1701
13343
7085
14804
9544
10845
12749
2367
4859
12406
13825
11494
9898
7056
7627
686
2089
2361
2813
607
4089
1005
11066
13275
3602
3478
3351
9408
14541
796
1077
14113
5218
4709
8360
7827
8063
3997
633
5434
3581
5653
10958
846
4530
3579
5970
13721
8719
13747
8545
5445
9772
12271
13782
2660
12021
6841
5689
4804
12736
6919
12490
3763
10787
563
10042
13236
7002
2167
7612
8528
9063
8931
7948
14154
3385
4804
12881
7862
5695
13906
13370
10773
5146
10794
5221
13456
12360
3891
7301
9152
12512
14195
10301
14734
7685
13385
6196
7625
1280
13035
309
3040
3166
8462
12211
4094
8012
13859
10469
7021
5305
5813
6635
3000
8098
2967
11381
12962
13659
12261
13721
7584
430
9500
13547
6227
1426
13583
9047
5555
7630
8955
4816
3945
9749
6204
2184
10150
14931
14893
1179
1964
3038
1057
5081
10945
14304
11946
12917
1091
469
10604
14420
12064
8010
3891
7311
10630
2538
11072
10496
11084
3842
8025
1967
8100
9345
3882
449
14696
5694
13373
11058
14135
11528
7539
11829
14149
8553
14170
9234
8562
9962
13408
8932
7603
14670
4300
10209
5253
3735
8792
8128
11029
12629
651
11106
2981
5018
7914
10830
5221
2160
5093
9733
12830
1223
11067
7080
12512
13066
13708
3414
1722
11994
5924
13417
4241
10421
883
219
2070
13531
4860
13570
4278
543
10468
12422
1366
13984
3188
7108
191
14035
1987
8739
7149
3967
699
11083
2240
3733
9117
4979
14660
4705
4585
14281
8172
11584
5707
11450
1708
11811
8621
178
617
13573
13381
9054
849
853
12728
4157
7078
14654
12631
8116
3597
7132
3376
6461
14505
9102
10160
4207
13924
6600
13101
11873
6750
14092
3486
44
14478
1780
11626
13661
943
1441
11244
2509
3221
2958
8679
1721
9939
5624
12023
2176
13204
14153
7164
14796
5368
14755
6920
9109
9608
11476
12099
13252
8513
10719
14092
1509
13595
2764
6680
4529
4954
35
3100
11636
261
9742
7632
14688
10512
10606
11117
11182
8126
13435
9861
3360
11171
2289
8053
1978
13454
10624
11255
3444
14249
716
14468
14615
11302
14662
8218
13024
1811
5564
3519
9292
12148
9866
1167
10377
14454
7078
960
13720
13299
3884
3087
14646
7032
7823
14789
13032
12033
11012
3580
8891
9893
7037
6331
8769
4919
5834
1075
12251
822
1068
1221
13439
4353
6384
12172
9473
318
11418
14670
11503
12496
5198
6492
608
10170
6612
9339
9729
6865
10598
13425
7965
4220
2777
14990
5353
3638
7255
10411
1888
3673
671
5893
1725
4126
10051
10027
4743
10602
8146
7481
13627
9455
8327
4336
11777
11430
6951
13016
10243
12958
13233
3582
11918
4466
8397
3275
10254
6986
1940
6844
12651
3409
10799
10545
10118
2048
10937
2342
3072
13070
4406
2487
12027
14816
8304
7754
10475
3935
4938
12598
3386
13979
9144
3508
9479
2743
12195
843
13236
1078
131
7974
1275
7954
3632
726
1710
14245
1225
6782
14883
69
9721
14164
3494
6955
11151
14093
1838
13121
4890
6077
283
7660
9622
9049
12542
14950
11124
1614
461
2459
6594
2124
11416
9598
6454
9046
14458
11983
1905
3570
10080
1840
7046
1726
12925
13103
1717
13787
11189
8232
5973
572
13697
70
4871
4065
14512
6491
5137
3653
5523
4810
14094
4708
3714
13839
8883
12604
10785
5133
13215
14431
2049
6008
1811
13069
7291
10790
5053
1890
6437
12916
8766
3693
9174
8871
3226
11183
7321
3141
13771
1440
12840
9675
9780
12206
9162
2338
874
23
1078
14824
3416
2487
3032
9118
6767
13567
9334
12017
13027
7786
1808
1904
4947
1256
14659
5045
8796
1371
12328
8979
7824
5025
451
2058
1027
11282
150
9817
4506
6539
5295
12320
6114
3667
52
11159
9457
14007
8626
7628
14192
842
11534
9241
9399
9541
582
4375
548
9561
1909
2700
1273
4769
5950
13070
8537
11505
12490
14093
11811
5637
4179
14594
7411
6699
4433
10566
9912
9719
4038
1669
13599
10063
1240
12372
6584
7648
2776
5436
61
10078
13892
10487
9642
6580
4652
5533
5195
13850
5817
6923
13043
7845
10040
4162
6295
1170
6144
9419
944
7132
4801
5152
1309
2843
14626
8520
1219
12463
4077
10470
7502
7720
612
690
5139
13316
5903
13311
1716
10877
14074
14863
12702
12644
8678
10204
3625
10248
1228
7590
1759
5110
11909
7895
2237
11566
12117
3825
4997
3433
836
13824
894
6326
1803
8628
7101
3992
6560
12168
1159
3599
11021
784
12310
12608
7906
9556
8480
2058
5385
10489
14752
4696
10723
8342
2053
6519
5229
11825
5310
9730
5853
9712
3264
4719
7678
5899
6676
3290
12648
14170
2595
43
11474
11802
10453
3862
12339
6178
14920
10199
7435
14071
1903
14379
11171
7083
12998
128
993
9273
8163
8676
3650
12220
8785
14101
14464
12204
736
2989
142
4387
7509
7193
4275
10186
6128
6557
7936
3137
6006
10531
5951
11387
7836
12969
13704
14317
8931
14355
2148
669
8361
12640
8383
222
9811
6738
12274
4385
7153
3099
8180
2838
11421
9085
2452
3641
1581
14120
4505
3161
5087
957
5273
7175
14978
9639
8437
1922
7482
1033
8594
6121
2433
8707
9487
14802
961
13321
9520
8093
4408
9870
3116
9560
8591
12682
8059
6087
12087
10689
6865
2539
8488
7365
596
14416
5274
5969
4972
3410
495
5325
13997
9459
622
8387
8335
10629
9268
13631
1263
13629
9701
9447
14626
5263
607
3183
5255
10888
5217
9015
7427
1691
10180
14779
14536
3340
3682
2944
1171
11359
5639
8816
9570
9681
8231
554
10487
9567
8169
4949
131
11259
13477
10395
10161
6217
9570
6413
4969
13328
9351
3400
6948
2497
600
672
6024
7530
448
8570
14588
1408
7065
2213
13093
3327
11751
9861
7817
8936
1288
12033
7632
5369
10590
14925
7451
5449
5010
12667
1648
13192
2497
3170
2574
2640
11213
228
8290
5358
1450
3684
3889
13336
9393
14252
5945
4807
14550
1820
2605
10860
13515
2308
10388
2680
4374
1975
2421
4888
4513
5416
5231
4040
7557
828
10055
14045
12813
225
2634
11816
2549
5924
12556
9420
5140
8468
3830
1720
1091
10330
13195
10140
11660
6160
177
7456
13732
5921
11597
8150
11071
3998
7870
11486
1164
11965
14016
7831
6332
10505
1743
297
4665
468
4591
7718
1981
14647
11216
6360
3897
6916
5389
2888
12831
13221
6886
258
13619
14127
10059
14157
1755
14446
6639
381
7484
13620
7494
4101
12397
498
2585
8491
14262
4147
7292
9059
8243
10678
10238
3987
5370
13664
3498
5286
11517
446
3604
2871
9426
1934
5937
5086
10808
2819
11598
705
4978
8112
4882
749
6045
3907
5705
3503
5814
4724
7395
4016
13752
2134
13525
5765
517
4363
4624
10596
1903
3837
12577
6538
1852
4237
11584
10344
12063
213
1795
4148
8260
2223
3930
13781
6809
14342
1835
13487
8184
12600
89
11853
6393
3908
8199
14485
3169
12754
6361
2130
14934
4901
10058
7990
8010
3487
6888
10743
14674
14122
10677
6289
4461
8513
14952
390
2590
3244
12932
823
7469
13764
11219
14106
4631
9643
10128
5779
294
6961
1351
6986
413
9873
8755
9332
13948
1632
5820
5245
14308
14473
3300
7381
9082
12115
8229
14426
5187
6042
11704
13713
4695
7503
10147
8404
11289
6240
8698
14939
12120
3090
3057
4950
503
14431
7701
9046
5249
10028
13738
6778
10213
11206
4828
8969
9219
4133
10673
7567
14272
5726
5502
9338
2531
13874
13748
3832
12357
14067
5681
14000
4426
576
14351
14126
9318
12007
863
1886
12951
11865
6569
11922
13322
1216
13782
4222
12595
5574
4279
9454
11144
9760
4871
3215
9313
2849
8162
5786
5266
8187
7291
4140
6664
7178
9627
13124
2719
11739
11510
7913
3430
13321
6487
13398
3227
6127
10807
5555
5170
1113
12026
14295
13578
8885
9423
12522
3000
2501
2847
4251
1849
8505
10193
13511
4448
7802
2661
9045
5427
4080
12435
5480
5529
12945
10790
12912
8423
3422
11618
1645
2188
13052
5857
2087
2690
1605
2736
519
11100
12999
6551
10299
13661
11070
5944
4973
6650
14061
5183
5684
3854
6777
2952
8412
6661
10680
8311
7675
13264
6257
11968
5473
2199
11007
4499
3237
4872
11912
12731
10316
1962
13000
13886
4172
11556
969
7011
7216
6453
5441
4477
1434
1469
3907
6344
4589
14859
5946
8201
4172
6373
4059
2554
14353
4560
3591
4830
10428
1480
2771
1989
10737
6255
7730
10608
1576
4984
14901
6187
1187
6311
511
12848
14627
10232
10737
2880
6077
4699
14617
613
3906
4166
1879
9780
5357
12288
4462
7054
13852
7528
4169
4424
7888
2819
4646
7982
4428
4341
2960
8925
4901
3822
4144
2817
11978
14544
5409
11754
14365
1238
8091
11341
10509
5647
5807
9084
6653
2343
12655
1045
7341
7007
13976
2765
5179
14834
13416
14366
8040
5740
7320
14802
12911
13201
4456
645
1370
10284
6212
8531
14726
9031
10077
5284
8812
3469
4347
2379
5022
1382
6424
12923
250
1779
8626
6976
12904
694
9575
3632
7731
926
13159
9805
5332
4837
5093
4082
4158
10045
12894
8158
8581
14861
8296
1537
554
11512
8272
7840
12671
3355
13946
7305
4792
3871
11431
12016
2109
6981
5518
4548
3919
2998
2809
2612
11796
12920
7576
6164
5988
4322
13228
5185
10039
2943
10482
13511
9348
10698
1230
9088
9107
13430
5540
3743
5064
7056
4503
9586
5258
8077
1490
7944
7004
2399
9216
12836
11467
9433
8504
3838
13045
11184
3804
12350
734
1443
14853
8864
4221
3620
9234
13615
1363
7265
5977
1897
8603
275
14617
10390
7573
9971
14447
10090
8810
9651
12110
12468
933
6883
2851
11850
13199
8777
14160
11944
12772
1198
11940
9469
13192
12450
12953
2366
4452
9681
9954
1391
6840
13127
384
3341
6354
2949
9419
1521
323
13863
2727
7035
8765
2127
10273
896
9062
69
10458
12665
11382
7016
12836
9565
8753
10343
2913
10047
11110
2473
5276
4752
11876
13505
13515
9447
9812
4674
10764
11181
8479
14134
1119
12250
1356
1784
2290
13480
9518
2586
8977
2001
8588
1373
11227
9180
9299
2342
9501
2967
8488
5735
8550
1114
1655
8976
13119
4661
14598
5255
10498
11339
1893
13371
14808
2018
10078
4605
5486
7963
410
2108
14245
1348
9879
6280
5421
6667
5330
12177
11165
5174
3423
2724
9031
10284
12220
8934
5421
7870
255
4180
5813
13996
6842
4675
720
11606
1430
14506
5800
8901
11873
7413
4667
4661
9386
6851
5124
792
10751
8658
6283
12574
331
2923
7295
8180
8758
12848
5939
4115
14146
3097
9217
13532
12698
11247
5957
14306
13474
11499
13482
7236
9144
747
6037
7675
2399
1487
3059
4650
8830
8939
9676
10229
6908
10616
7585
7488
13659
3360
8078
14565
13689
14832
14563
2293
12787
7961
2044
1061
13042
2192
11744
5628
5859
8935
440
11101
1850
9375
14145
13077
10978
12406
3868
1641
4807
6784
45
13350
12587
2971
10193
3884
8624
8598
8969
915
7728
14840
4327
10585
14438
3754
6811
10657
6496
13379
2038
3738
12284
3737
5999
10342
13043
4256
7174
6067
1245
11357
6962
13744
13121
11640
7781
6378
10423
897
3436
1182
4696
3175
214
10427
14878
14502
787
7606
9630
3531
2765
1538
8221
13235
8607
1675
2581
12969
7253
4204
8929
7614
12754
7187
13367
1357
3924
4559
6413
770
9112
12504
8731
11290
12014
8594
8853
2193
10828
3512
8441
868
3094
11662
9803
8990
1422
11521
4285
9946
14115
11583
13179
8029
2869
5312
12592
1954
299
12722
1434
32
9296
397
14082
2050
13895
2073
508
1433
6091
6866
3925
13712
1540
8625
11732
8320
8120
11299
2906
682
3084
3517
14471
9407
8974
13784
1539
11966
10595
5881
10895
13156
11091
3904
14859
10050
4622
14739
12653
9232
12602
1201
7661
1196
12794
11494
2868
12750
10646
2507
11387
11520
4923
7371
13804
6590
12211
1189
2068
11017
11738
14019
7820
3937
7920
9243
5619
10541
3217
10783
12067
9379
608
6991
676
14112
2217
298
1823
9032
11256
9988
2366
10692
3916
13383
13240
1766
8217
12199
13250
12464
4534
1597
9556
4433
4750
3694
5908
4410
2223
4043
12149
1620
1461
3269
2720
8508
11664
13452
11121
11003
6364
899
5775
8135
2623
14910
372
8656
8235
12934
1563
12997
13923
1994
9926
9079
3536
14939
4736
3165
14075
11606
9724
2229
6414
3721
10097
13319
11063
5490
11575
834
12218
14527
3582
9192
4073
7141
1566
3937
634
12153
11212
2242
2194
10129
13880
6776
54
8260
6941
6925
14439
5769
1233
2395
1700
14551
5178
12450
14279
10189
7912
12271
3495
7571
10673
7195
10880
14631
10414
4132
14460
4188
1219
481
10801
13838
12989
11845
1008
3362
13490
9399
13329
12726
5882
4092
821
13376
13383
3509
10353
165
1247
7972
248
9255
8587
5663
8816
9957
13427
7808
2319
10505
12934
14896
10866
73
10367
13602
4150
298
13238
2611
7224
13808
14713
7264
7091
10068
12316
7708
864
3197
11555
14618
3217
14564
7686
12448
4156
12337
509
7435
6095
14552
8244
12589
3906
5274
628
12357
13521
14553
2846
12850
5558
9952
10294
10098
10687
1992
1135
9722
14738
3290
13683
14784
519
14343
1948
2446
5841
1465
13411
478
5774
8962
6480
6370
10064
1182
10545
13180
6033
10875
12125
11470
7858
8538
10256
10016
12129
1375
6661
6037
6368
6052
12965
12248
3002
9156
11489
5475
5996
6634
114
10063
12008
3270
10098
14771
1967
14981
4731
6274
6468
13849
13501
6273
8949
10290
12949
13717
5130
6818
5202
14025
1819
9602
10423
12952
6325
1694
11278
7978
2827
6737
6199
14635
11098
11852
832
1135
11611
14298
3835
13151
3906
12015
9559
13330
897
2684
5888
10171
890
8479
12638
8668
11525
6860
13433
11343
1202
2261
14641
11916
9413
4948
14364
13675
7788
4664
339
58
4833
9716
10841
6841
4345
11975
2294
14027
10443
9315
7349
4812
2339
3005
1643
7719
2486
9510
2061
2122
8857
6679
12435
644
2015
14000
7582
7073
3833
1051
2488
9929
2989
11115
6017
2826
8927
10663
6779
14687
1023
8580
3566
8961
12399
2569
12957
5545
14864
9519
1349
12663
8774
1444
14781
10213
10308
9170
838
3005
6276
3013
14034
5904
10399
8012
490
14289
11213
4795
9491
12516
14078
2828
11379
11790
2329
277
1874
802
975
4095
13571
4331
9667
7351
11353
1806
310
3063
8193
9805
7044
1728
13984
5106
218
5485
3765
1828
10402
13676
3659
14231
1225
1244
4822
4886
2205
2257
5839
13251
9406
7273
13945
5693
5017
4422
8461
443
1158
3112
4665
4252
2074
7716
8584
2060
46
14697
10427
5172
1825
12311
11722
1981
5832
14004
1549
4064
14231
7796
11931
5683
9841
12754
14370
8912
14487
314
4480
11444
638
1508
1903
8593
7808
4377
7916
12351
10097
5047
10033
11522
5454
6701
7142
1828
8310
8322
2536
5311
7885
11021
8028
13014
3389
9586
13878
13578
2327
10810
11487
406
7399
3663
7957
3109
2646
2615
2349
13627
2544
2108
2100
12301
7510
13064
5135
13085
959
13760
5333
1601
7635
800
8880
7340
11503
3332
4337
12231
7249
10230
12121
1277
11173
7972
12640
1992
2159
3728
9172
13782
5072
14064
789
13173
7943
345
12124
9157
13968
8657
12260
8993
11806
988
8146
13038
4344
7752
6002
6135
17
4550
3029
10031
1739
14389
14355
14183
11670
2634
5502
8975
7762
5678
9700
3871
8675
6327
6255
1937
5495
11443
14212
14632
2956
2456
8827
7891
13437
8152
9418
6535
12970
4366
10509
6178
513
7393
13470
10680
13648
13569
9791
6696
6986
10025
14339
5409
1389
93
5618
11057
9234
414
10680
3672
14870
7776
12368
6756
14827
7402
1391
3837
4550
12516
13935
3672
2120
10104
8716
6832
461
10171
464
13094
13479
12714
13902
798
1982
5563
13881
2237
14261
9508
5399
13423
8825
11486
12520
3544
3845
4595
8596
1771
3142
13707
9980
2393
13942
9512
10870
4014
8795
7456
9371
13047
9475
8722
5671
2865
4570
14214
12272
10893
5145
6606
4085
914
8223
13540
5757
4075
4155
4593
6190
5423
903
1366
1295
7853
13681
12602
8496
3735
14335
6495
12856
14320
4406
8354
1791
9818
12223
11581
12350
13273
1803
8550
4983
9877
7790
6040
13710
11162
13449
6139
12104
3782
11679
10236
1602
8766
12004
4958
9719
4490
6232
14347
2078
10515
6933
6051
7976
11031
212
13454
14957
12243
12184
2336
10946
13007
7213
4468
13770
12312
1051
369
12462
8355
4616
3754
7435
2843
3562
9774
9766
844
10182
13704
7534
9560
12190
3981
4552
2939
2619
894
615
2900
4839
3500
11674
11922
9763
14918
1525
7497
12109
7475
14629
888
14503
4725
261
9071
9427
7063
11011
4680
3598
13835
483
11127
8268
4557
11326
5362
7009
8648
6141
7247
10627
9967
7465
8498
11111
1573
12999
2755
9689
10154
4654
10676
5811
9975
13358
5454
13701
11535
14249
14091
9601
7995
1952
5172
8176
1858
7046
2831
6036
10477
3713
5553
1999
14582
4869
12404
2634
2473
12228
12790
140
427
10887
13960
748
9660
8080
11066
421
11184
9143
13615
6252
3648
6008
6449
8903
11763
12073
5062
3660
7439
8527
1431
10093
5996
11175
11484
5920
13795
4239
2618
5095
2514
11822
7611
5129
12428
8038
7648
3950
1073
443
11398
4995
4020
5769
5607
1930
12400
1553
11136
1864
14335
10665
5148
11830
8307
13239
13722
11414
5749
4077
3235
11129
12414
6328
13228
12166
771
13403
6655
1353
4130
141
9945
3011
3649
10495
8783
9080
6644
13274
14497
8993
8578
13248
1034
11961
10352
9927
10678
9726
12397
8380
3956
13516
4896
6123
829
1625
3273
895
11630
10184
4805
8738
11511
14789
9895
2716
491
8461
12230
3188
13185
3343
11521
4679
10638
2700
10197
5114
3225
13227
6250
7608
14890
2956
3029
4828
2952
2185
85
2875
181
2343
13801
10344
1472
2237
8035
13986
14008
2361
12493
7136
9634
1386
2954
10082
6921
4701
6196
1682
8064
14005
153
624
306
7729
13224
4359
595
2829
1700
1262
5185
14428
4346
2711
480
7043
6442
11292
10705
8872
6598
8666
12916
1848
14851
11067
12366
5751
6222
183
1124
7496
6523
7362
404
8184
10383
14931
3162
7271
8633
7072
14764
3702
2796
11023
122
4330
5060
2719
7175
11152
14317
4855
2509
11660
5364
3479
5164
7185
11800
7809
3080
13913
3573
6470
7356
5064
13160
8630
13391
6654
2511
4634
5309
4264
14227
1898
7512
319
1289
12021
10541
2642
5693
14741
13384
13352
14274
270
13485
6779
13341
1934
9890
2091
4411
14508
4043
6197
308
10578
12092
7481
8144
1526
5049
7437
6549
1954
5403
155
3466
9513
5592
8259
8720
14174
9930
3785
13221
509
6911
13113
12567
13304
7900
10772
3708
8080
4541
10475
11803
12877
11343
3345
14445
4832
11173
7300
2257
14786
14259
13530
6670
1680
10952
4225
14192
8875
14671
4135
8869
8118
2010
1189
3293
2665
11440
14603
5608
13333
7871
7201
5640
3290
13227
13310
10355
759
11806
1576
2418
10469
2796
11543
3032
12885
5897
3647
8291
14850
2097
12190
7294
7036
7362
8
3196
14748
12860
3782
6247
5454
12429
2065
6820
1644
2619
5076
1675
12250
8551
3296
13054
4392
14117
6918
14064
6648
1632
7179
5864
7916
4643
836
5871
6550
12271
6705
8911
14537
10648
7645
9218
9833
12877
5524
7454
411
3846
3824
6829
8767
4901
8117
229
14626
7186
12588
4999
4026
13166
12041
6392
1032
2240
6543
5971
10968
7089
14764
10343
8444
5611
8487
10642
8459
11454
5501
5988
6159
13981
8760
9797
4533
5804
11357
11602
3201
9952
8995
4369
5378
11248
8244
1814
169
13136
185
13053
575
5339
12777
7548
14328
1562
13615
10381
14350
2527
6634
41
7599
3284
9957
6160
4489
14388
9597
247
1651
12697
14284
14828
13252
9069
1486
1426
1607
4630
1669
2911
4804
1487
13216
7233
169
1881
9278
13508
360
10700
12853
13383
14424
2201
10143
6602
5805
3203
12963
2660
651
791
13180
3469
3552
8594
7593
9699
14050
7208
9692
877
10530
12336
4334
13400
13555
3127
11637
5261
6036
13747
9552
14670
11369
3534
3074
8044
7148
7158
14859
8416
9551
13709
5811
1998
12419
7329
758
8129
10759
12333
1848
14905
13194
7635
11140
928
14443
3597
389
8114
9627
11629
7121
282
12885
13508
14119
3040
9603
4824
4169
11710
10088
1346
11949
7021
11069
14288
3728
3097
12929
13705
13213
3386
8927
9594
14571
9300
12192
13643
12292
13465
1936
10876
14543
8575
1975
13374
4681
4380
3087
11841
7437
1899
5525
10795
12782
1993
6281
12978
11333
3561
1556
420
2102
8910
14593
9744
11846
12903
1150
12243
14199
12993
5314
563
14515
8853
11054
1694
7408
12071
8883
9973
10387
4092
9160
13408
2190
9668
1412
1503
2852
8452
7235
6078
12775
4490
9417
5480
1875
14017
12021
854
3561
1184
1265
14790
1940
14090
7087
10979
8408
2361
3003
14139
2669
14447
13429
2536
4977
1784
552
4086
8048
10461
717
4490
3402
8465
14852
2630
11627
14968
12776
9971
4227
1817
9294
6121
14028
4842
4156
945
4734
4413
2059
2368
2077
9920
8353
6618
9931
7917
1365
3090
2841
9895
11217
10660
2436
5359
13515
1640
2502
492
6706
2962
12606
10301
6644
1623
11894
4403
3876
13142
12455
14078
11949
12631
13794
19
14194
12553
2334
2459
7475
2267
13483
11189
7055
5801
10370
616
2940
7464
13672
7895
43
11712
1639
12197
6422
4955
13894
6210
7455
13385
353
5080
3994
13840
7252
2533
8032
14023
8501
5943
12208
13525
8139
13947
13136
10263
845
8339
10362
6547
11988
485
11766
1297
7034
4319
553
11147
6884
7567
3603
14741
13235
6279
10627
13642
13387
11676
6541
3469
8229
2850
14385
2021
1567
14284
2617
1703
2874
2897
3818
14288
3451
11803
2731
4578
13733
1125
6107
14029
12645
6100
10885
3323
928
13146
5971
6645
3745
9970
6172
7502
7237
5764
12889
1664
5575
8396
12116
9840
4091
1044
7728
3676
13897
567
9828
14203
7340
13376
3052
7930
4560
7926
8192
4312
3920
3940
13638
8145
5271
3107
11430
8980
11191
3731
10918
11440
2667
11159
13328
8095
11282
7843
3376
13315
5321
7447
8760
6684
490
14595
13164
5471
12807
940
3401
4430
13346
4415
8067
6351
14706
685
14866
12485
8368
7941
5354
2368
3452
2152
2543
1846
5468
8651
12499
8520
14407
4713
664
12382
6781
7909
408
12214
3099
2477
4450
3453
12423
10010
12230
7187
13116
258
3850
12593
8050
7921
676
1642
10508
9364
15
11238
8133
10976
500
8221
8188
9128
548
455
5633
10733
12394
517
14981
9284
10906
6543
7042
2782
2134
11962
1512
562
4133
6989
10794
5008
10005
2767
5586
2935
14013
4267
2805
8987
7413
8467
3425
10138
815
4114
1420
11221
8390
536
4106
8798
11036
6212
13845
11592
3123
13108
8849
13415
3153
2399
6498
1764
10326
7695
10238
12936
3244
5732
7781
11176
13210
10466
1861
1775
5034
7201
8356
13206
5816
2051
10915
9830
11547
10387
582
5428
10638
4232
1712
10752
591
2140
298
6361
11752
14790
7768
9350
11574
13377
14075
7469
11895
4969
4483
2567
1541
9392
7433
4638
5841
7708
6516
128
1970
6171
4741
6622
2795
5897
6882
2987
2235
13913
14290
8716
13371
6087
10376
5533
1863
11363
158
7172
4264
8592
7050
9106
14250
9313
14806
6148
12372
1695
14357
13010
9110
1539
36
7608
575
3659
14313
5370
10776
2538
6677
2346
245
9536
9487
9644
11865
11081
12026
1085
5474
1249
4614
748
14343
10614
624
7264
5608
11926
11369
8761
12760
777
8278
8133
1984
723
1095
4764
4200
4260
4585
2058
14340
2833
2177
11301
7606
3972
5794
2457
5717
8811
2158
3276
11284
10950
14339
8063
2354
13969
3222
11244
4438
14927
2720
789
14395
13837
1109
13233
5118
2771
7346
11641
2504
10518
14005
999
6980
13844
7708
14011
8500
7015
12313
14907
3256
7520
1905
5270
394
3680
6277
12800
935
5989
9310
3783
6314
3317
3022
11378
4699
13084
1534
4189
4341
4475
136
7540
12967
5540
1825
12877
3477
9995
7984
11632
5942
11266
9670
11879
9667
9844
1237
1044
10842
8564
5002
6570
13779
13366
10159
1149
8918
6709
13259
4823
6783
2201
3809
6634
9610
3395
12210
10350
4854
6334
11527
2843
14804
9767
10473
14334
3022
7816
14103
6437
220
7418
3401
5066
6094
2443
11639
12459
13493
765
10651
14589
8753
9443
6106
8924
7097
8992
2480
7735
4664
6431
4662
10012
3258
6214
10508
4650
11836
8977
11116
6894
4076
5154
11724
13230
14152
6752
7047
8414
8537
8848
1400
6802
830
6978
13623
5632
12712
2882
11560
9611
1380
1264
12714
7188
8723
1316
3348
13286
8832
14561
11355
8102
4951
12094
14676
1897
12755
7320
3120
14220
10942
6216
10350
5622
2356
5359
1791
8104
4070
8131
4312
1919
5230
11022
3344
91
7279
5622
1858
10542
8413
11235
529
9781
8168
9371
2204
5972
12054
8917
12374
6077
933
14389
12948
11554
14080
11335
17
11840
3975
11567
3729
4341
1857
8221
7337
5273
10414
4286
3260
11348
1821
287
4027
2806
6133
4449
12597
9844
4629
2586
5731
2730
9972
3614
3447
993
3583
1947
6769
5850
2823
4351
10317
2169
3890
14098
9183
9452
14174
176
13183
9945
10790
4612
3218
8281
8851
13989
167
6519
3268
9443
7307
10021
14044
8889
14989
2589
12561
8275
4224
10322
12922
8576
1588
8161
9844
3715
2652
2696
12285
4712
5376
12583
4014
7897
9685
1009
5485
2125
6647
395
2425
10389
11787
1427
10279
4223
3724
14373
2602
8691
5345
10929
12284
12287
13045
4890
2227
11559
253
5923
13771
13662
10477
8247
5822
10907
14861
11939
1102
10806
6521
2552
14388
5761
1603
14980
6962
1134
1014
6943
13345
8165
1467
10142
3396
5568
10949
8848
4612
2422
5920
2080
5949
11120
1044
9346
3545
11071
5484
14683
3164
4419
6044
13772
699
2701
8837
408
10960
10403
11764
8735
14072
13429
9891
559
4046
7854
9516
14994
12659
942
7074
11457
9552
8025
12510
8405
3318
1411
7498
6987
10790
4091
651
4652
843
9246
5242
11371
7483
6760
10574
6274
13396
11644
7372
4492
1501
1609
2228
13967
13265
4645
6928
7951
8730
14666
10508
13588
11062
4792
10135
7274
8411
13969
2926
5271
454
7151
9054
4041
3252
11190
8618
9815
10341
3340
7510
14980
6784
14071
6674
11736
10298
6554
3555
14868
5487
11347
5516
12355
7624
673
6237
12035
12128
8746
13037
1386
5482
13258
700
8753
3593
7777
10448
5919
1697
5325
7132
13681
12471
7490
4799
8064
7652
6152
8653
13864
3490
12223
6563
5794
12101
1813
8646
3000
14334
3839
13338
11497
10714
2900
9371
14842
631
2494
8574
8765
2719
714
14948
8237
6116
14495
11826
3164
1127
2706
13249
4651
3915
3006
11243
4045
1368
8829
8965
1728
12197
3924
1202
5240
1403
12149
5802
11283
10568
8116
2470
10563
5968
4198
3344
35
7683
6679
3805
11990
6159
7637
8258
13679
8338
13183
4182
5086
7366
14042
8752
14594
2169
1747
4621
3611
4585
10045
10316
4620
7423
9092
1672
4775
14572
11077
14572
8104
5679
954
4655
115
999
6810
14095
1018
12429
11283
13922
11018
12616
9450
7989
4533
8318
2345
7064
5408
10922
1893
6147
189
9695
14537
10457
1312
5799
455
7552
355
4025
14028
11376
503
13532
354
7061
13154
163
9117
7631
13082
13949
390
12939
9581
12418
12153
13206
2770
9239
14507
6897
13835
1637
14485
7631
3678
390
13544
4852
6848
10374
3694
8220
8878
1054
3990
1482
4804
12782
13302
10217
9690
14201
14517
12044
13347
12159
9203
8475
6659
9637
2693
6714
9480
9538
8161
8144
531
5937
6176
11058
14074
1743
1522
10665
11520
7835
10026
9777
9651
11404
1089
12514
5856
10010
5106
13910
5816
7267
12981
14549
1960
3371
632
1421
2487
8803
5672
10820
2515
4684
11471
8826
6028
11084
10406
6222
7312
6022
4749
8387
1300
12110
9269
14080
9400
4928
7528
1412
167
3170
6795
10102
7029
4448
14929
3379
7568
13674
8870
10157
9438
7252
12907
12056
1647
5780
4173
1234
9256
6037
985
12514
8018
7368
2036
9412
10638
3187
4019
4176
842
9058
2334
13847
2508
13683
13013
5928
5567
7266
1171
3060
14951
3456
6076
13237
13989
5204
14204
505
3795
384
14695
7528
10090
6508
5819
12064
6844
10872
14714
6607
1954
13407
10537
3622
6478
9711
5323
2016
9286
53
1380
9316
33
3939
4409
7499
3811
12901
11459
4537
7360
1149
6524
10070
1171
11042
7093
6892
13134
1834
8872
5015
14756
3059
4479
1258
7890
6714
6604
5580
8630
12968
6147
4942
1902
12039
7233
10416
13770
10315
5349
11285
6556
9948
5892
5737
14709
7407
358
13789
9679
9812
11149
7121
10644
12884
784
7192
8268
14583
11244
253
2731
6313
11942
3443
8837
14398
7528
9260
2348
5455
12494
857
4253
7254
5913
11892
1623
9863
13989
14342
1509
14303
1738
3641
5973
1299
12958
6390
9331
4804
11698
12506
413
1607
851
11333
6777
2958
8287
2493
10043
3442
12964
366
6692
8971
13014
1026
9107
12085
4393
2194
7552
4992
10108
2650
2209
10742
8375
12690
14125
11007
7886
12118
9572
10154
3545
14397
9184
14923
8892
6081
5957
5853
10858
8870
10137
11128
369
10716
6877
10479
12138
8717
9287
14362
9864
7478
3761
10045
9975
4594
9458
9808
680
13525
5769
13103
10658
8840
14597
5103
8225
7674
11343
12941
13474
11287
9253
1817
6522
7388
2115
10044
2608
1984
4391
5720
8564
14674
1943
3957
13326
13173
10435
7020
11037
8889
10492
5663
4020
5118
13164
4325
2457
5712
2318
14059
12765
4374
12062
357
2752
1856
1230
773
13369
2792
11869
116
2661
2340
2820
7292
13159
3897
13609
10094
4429
10609
10235
10358
10517
1433
5905
12768
13139
9663
3724
14406
7673
3693
13709
13942
3179
8486
14236
6392
8956
5077
5761
4132
8986
804
13845
14121
9668
11230
14426
12370
12844
7927
8653
10353
6111
1103
6551
4155
9685
12138
11772
14804
13507
9308
14228
9976
11810
2199
702
9569
10472
9179
13081
13956
1761
12642
9561
1549
9654
8109
5318
6453
5817
3806
13558
14883
8498
14164
6165
912
9161
13173
960
321
836
13214
558
2934
3552
9782
6338
9338
12100
1548
12160
3652
6235
670
3452
11361
2763
5548
13357
7844
8484
4752
7275
9116
2877
11372
2877
14147
4929
11349
6487
8375
3055
1920
13420
8670
237
4806
8081
11691
1905
402
8149
2645
7984
14593
8823
1374
3294
9823
5353
6451
3105
12422
2473
11579
14139
592
1028
9569
13806
4618
168
9918
4187
5840
12291
614
3821
7367
4755
13747
14234
13917
4065
8506
956
14198
6802
1755
894
5179
2024
13463
1957
4552
8757
5768
13173
9784
3772
702
8682
14322
13932
3722
7369
3914
12149
9646
8039
11794
10907
14539
14538
3941
11532
5822
6900
9901
4127
3389
2425
2723
12151
4600
6915
1926
7491
13835
8929
11698
10902
4982
15000
642
1233
12137
8186
6033
1146
1232
14880
1709
13639
2238
6981
1219
10262
4561
6247
13012
10794
8241
5942
10551
12729
13095
7468
5076
9620
6960
1642
9899
14863
2638
4415
6879
6046
847
11741
11467
5712
5685
13876
11944
5608
13780
947
2098
3234
9851
8402
13007
11578
4975
2310
10998
14294
5482
1091
4858
713
13593
12075
14153
1277
5713
9134
5641
4526
1759
705
13486
8412
10912
7111
13942
14031
14341
7990
4901
12221
14263
11403
12019
3546
6106
6110
9206
6079
11796
13763
272
4978
14064
248
5095
3826
13910
12666
12762
5717
2603
7054
10104
3921
9888
14239
11874
10630
42
6870
10890
13496
12669
3938
13144
4923
4247
4439
3299
4999
13255
1071
1186
11704
5629
10751
11025
1734
14046
3930
12430
14194
254
6633
3814
4749
11719
3053
8448
10605
10029
3283
4022
2757
12930
366
1593
8502
3875
3149
7136
10646
7919
710
4803
5253
10840
13451
2024
12732
11191
10193
14644
3669
11055
9460
8959
5099
13018
12010
1299
5391
14472
5571
10888
11450
14985
9861
8323
4354
13496
9765
3207
1397
4654
1676
9466
2205
7313
11630
2273
11623
6536
11444
7921
2841
5970
6365
1848
8484
829
2487
7358
145
809
4286
1978
5164
6146
4600
9878
4885
9559
7911
8218
13893
14876
1455
6758
4923
8930
1377
5464
12546
14062
6613
6216
14047
5914
9691
5365
12919
351
6032
12624
12736
923
3258
10065
2154
7105
6679
2623
11468
12293
11020
12785
13646
2068
11512
391
5247
11875
9445
10095
6231
10849
738
14398
461
9791
7650
4058
2959
504
1598
11775
7439
12992
5631
10570
12296
12272
5355
7396
3798
12675
2919
14666
516
6221
2352
1358
7786
6614
7676
5847
6550
2042
8914
5561
11221
8339
14641
13648
10467
4315
8032
14255
13367
3280
6403
5272
6759
3547
1751
9650
3510
10086
11027
10947
13618
8157
4648
6099
11513
7216
703
6539
5317
1071
6359
7775
10196
9025
12118
8729
13726
4700
488
14210
14961
1360
6722
9888
12554
14809
5841
2095
2403
652
9884
1173
2626
10722
12775
7279
9562
13103
14817
2852
12937
1164
10086
11344
14572
12778
12082
4002
886
13217
9337
450
10901
14184
14697
11390
3933
9070
6052
3044
10147
11680
5055
1699
8659
7630
12655
12873
2978
11765
9969
7959
5457
8758
1994
10202
926
4793
2904
2895
8232
381
1334
8101
7473
6999
12257
5091
129
1775
7208
797
9347
6228
11026
11376
13117
1712
11882
5459
8903
10110
10574
1159
6929
7854
11687
7302
3626
1338
12312
11624
14494
12218
6178
6123
6663
10861
388
4384
910
7666
4971
5413
13273
8093
6949
1539
549
6706
8365
3482
1731
4247
3695
1141
9752
12512
2535
3350
4601
4998
8258
10326
3295
4680
10206
9400
9267
5371
1206
2495
2791
505
8888
11534
7078
1223
2294
680
12070
10564
3673
7766
2639
5068
9963
9035
12736
993
2185
14332
8751
7182
5948
10360
9248
5729
1437
8269
13973
9482
14006
5157
9759
5023
6712
3419
5182
1491
4364
11952
4078
11702
3597
4618
8510
11015
7810
9246
9452
950
12803
10968
8557
11084
9357
14018
14140
5025
3720
4932
3755
7981
12334
2577
12188
13207
171
3022
7116
13485
10436
13559
4007
4844
3325
593
14283
14552
3046
13569
14035
10845
357
4744
3814
7476
2125
9246
13329
3431
1086
9264
12272
8110
1449
2623
8035
6905
1729
8692
12343
5298
2559
2546
600
13228
3330
8665
11452
12736
1154
9174
12251
7228
3012
5464
933
12771
2191
2675
105
9498
7471
14641
9384
2395
14188
13113
12945
6454
7045
8209
6184
14827
4742
2626
10699
7506
10456
14796
8181
7850
14641
9818
3035
13530
8011
6052
4145
12812
12287
8531
1350
12366
10237
13556
9587
9250
605
14038
1896
1505
3939
14597
13819
8981
12331
12353
8351
13690
27
4844
4945
10212
11664
6383
12087
13711
5797
12305
8006
4902
4846
12571
8608
12871
4250
9084
8581
10844
4317
3625
13892
13860
4798
11268
8907
13291
1411
9496
5826
6177
2321
14830
11386
10375
9005
14929
6424
793
14411
14760
2737
1473
7015
5929
9826
11121
10623
7856
4509
4913
4080
13471
14189
14780
1795
13610
10931
9803
7077
14988
7559
5524
3353
9673
9751
5934
5734
12444
7226
13772
14603
9960
11885
12343
13628
11142
1131
14954
11226
2370
4882
1215
13599
12611
11743
5175
10777
12922
11806
650
12038
13797
10226
9919
8643
12127
5938
5474
10580
313
4265
13935
1380
6142
1594
7448
3263
7573
2397
2088
5644
12245
12223
11508
9245
2044
5604
6208
4344
13603
12130
8138
5971
14731
8398
8534
494
14942
13615
13532
14588
9036
10807
337
8957
1834
1422
10531
6804
54
7925
9555
10825
2955
5113
4065
2210
415
2935
10229
12739
10540
12177
11561
13479
9647
54
6532
3271
5284
11541
7095
4248
5576
12653
6546
6565
6587
14063
3183
5405
7880
6945
13559
4286
12832
8573
2081
2324
13269
247
2147
5844
10102
7937
4744
2203
6618
975
1758
11518
7091
246
13548
2103
9136
6555
13201
9284
6745
14149
13094
6053
5579
10901
2255
14718
9651
8242
855
14471
1816
10882
7311
1056
8426
11213
9446
12688
7966
14727
2084
16
3079
5382
6017
3783
3970
12338
11373
4685
13176
11327
11305
1034
3074
12655
2248
1088
855
10528
2215
13168
12706
1194
245
10296
1959
7400
9417
12989
10922
7887
9146
12918
14350
6262
2517
6162
6260
14520
2402
144
3635
13157
10122
9598
10463
11279
13977
343
10207
10076
13109
13273
446
1743
7567
10243
5195
6757
1619
5598
10877
10834
7760
12601
10996
12896
2322
4054
10193
13095
4767
8555
1495
3957
5454
585
8402
12820
11320
7742
12247
8767
6961
13102
5659
12095
12977
14510
236
6295
11012
14287
10750
13992
7210
11084
1694
13381
10973
5051
14725
4439
8957
1106
1472
10091
8345
6990
9908
12994
13292
5394
4790
1842
13316
13668
12100
14794
7764
14011
11879
3550
13019
13109
21
38
14769
7786
8312
6463
10198
1080
6800
10340
6746
10891
3075
14354
1738
3866
3687
8167
354
14061
2443
7069
13478
745
1043
11209
13301
9974
13422
869
1065
746
4273
2253
14497
703
8367
7011
1408
1352
6380
10978
13820
13998
1872
8433
10549
6898
1750
4473
9507
14235
5275
11691
10487
7327
10063
12433
3363
9749
11556
4210
11627
11340
9124
14996
13810
9225
7196
5380
1360
14498
14050
3680
200
12787
11673
12605
14297
7526
13611
3578
9722
3645
14865
12993
4656
10826
9904
14114
1016
4957
11429
10903
11669
10748
373
7987
12626
522
4041
2189
12818
954
13320
290
5354
7950
4780
13948
2454
6567
6828
3394
333
13086
13103
10546
9192
12872
10669
5208
5241
2927
6422
13679
157
11894
4609
8921
11480
1811
12670
14915
1780
11134
4826
8725
2222
12312
1495
2658
8611
5272
4256
11596
7754
1605
7330
9018
2942
12394
9313
12352
4336
9879
7605
12032
7163
2659
6335
3217
329
933
1832
2935
5378
370
7228
2158
9324
14769
5163
14224
13245
10032
11914
6659
5924
12705
11369
12496
13104
13967
12885
2305
7790
5425
2871
10956
11731
916
1682
14164
7242
6832
14458
10302
12676
1804
4821
13075
4525
3506
10235
9057
9053
3969
12353
10127
12369
9866
13570
11314
14680
627
10428
8677
4331
13344
13016
6542
11228
14517
11678
1556
9552
3741
9271
2685
8788
12367
980
9330
2631
12765
2543
14792
13665
3410
13860
7211
14480
4593
465
902
1295
8534
12858
14452
8719
1169
578
8548
4979
4733
14704
755
13477
12963
8623
12429
11436
3597
2822
6123
6307
2600
12289
13835
14176
6288
858
5500
11508
10744
4167
13115
2774
8796
6068
6277
14428
5437
12061
7752
8355
6326
8188
10118
4055
9824
7166
12534
13635
11108
98
710
2141
7178
418
8876
6906
283
11657
14551
1265
1158
10636
5016
14499
495
175
7692
3808
13469
8731
6976
1375
8130
7354
3879
9910
1878
6753
1665
5084
6105
377
7048
3335
2010
8914
1250
13177
8639
2341
5094
11747
3988
629
2385
4123
1263
14760
11957
1962
688
9057
1556
12359
10494
5640
12196
13978
9046
10408
13910
5394
9885
3969
5042
1451
6851
14196
2397
11326
13273
6653
11009
7864
5167
12103
4176
566
10517
2524
7417
11812
2506
5192
4202
10424
3456
9669
6801
8783
4910
14116
6462
5330
439
5118
2646
14523
5362
8980
1576
4368
7093
4864
7390
9191
12727
9500
1381
14148
10827
10560
12151
6936
8295
8013
12636
14466
13502
13885
11592
11904
8763
1891
13688
11886
4783
11251
12268
5149
2500
14311
13995
12505
6510
14023
9538
3638
6634
9671
14789
4092
6017
14786
7339
10533
9429
12658
9643
13873
598
2143
4907
7288
4572
14424
2485
11237
4370
7481
10810
7221
7855
6612
11594
3198
9164
10203
3511
13794
7669
10907
2875
12092
1415
3556
13206
8502
4438
965
12813
1576
7531
9262
6204
10321
2870
14493
9667
549
12918
9446
10928
4444
6205
3642
12817
7721
8327
12184
12070
9249
5832
2016
8500
14474
7815
6860
3740
11618
11076
1782
10931
13712
3586
9452
2017
10556
6389
8124
7409
3668
7800
5122
7376
12203
7559
10978
6855
9310
13813
12561
10360
6286
11448
1560
4870
7500
12309
385
10579
2389
8187
593
4707
12468
5101
13888
12024
462
1329
1377
2503
1979
457
1929
12975
7448
4043
9622
5817
11805
1667
2982
10923
396
12193
11858
418
14928
12586
556
8269
2142
6885
4491
634
62
4609
14950
777
3278
5080
14494
3698
4159
14347
3193
7855
10001
13353
10589
14559
8862
8131
9522
2892
2805
8762
14402
10366
11462
10814
7418
12753
7818
8738
13714
7615
4595
10933
1983
10886
12115
6744
4822
7032
9233
476
13861
8513
9187
13286
2188
1574
10921
3636
11944
1611
396
10388
11325
5338
14926
4784
11656
3842
6226
4264
12382
13934
8500
11542
3110
11487
9956
8825
3048
12855
10073
9614
2223
7011
2136
3918
8425
9563
9719
13508
1268
3964
5047
13211
4179
621
8914
9077
3739
5109
8839
100
4278
3653
1959
363
12382
3666
10021
666
8704
2399
12474
6142
2790
7924
11670
12614
8600
3475
5607
12327
3227
6382
9709
14063
8267
1013
11584
10835
698
7086
7616
2446
3709
14053
1568
730
7362
13879
3473
6184
4549
11437
7053
10792
8537
12112
5350
5111
3633
4469
5882
10034
10508
9745
7454
8005
5047
10573
8570
4190
10989
10276
13543
3275
12622
9941
1496
2845
6877
14916
3894
6251
14271
1188
4740
9113
12289
1519
7740
13943
364
2716
10460
13428
9997
2204
3310
745
8238
2903
4292
9406
1315
5985
14924
4793
2948
8621
4771
435
2052
14005
4681
1677
13144
5502
14505
9793
7358
12690
10193
12240
13767
10333
7504
1538
3495
4283
12266
9324
700
6057
10918
165
11008
6227
717
5382
12332
9325
876
7910
8389
9403
1671
13297
6527
6215
6040
11806
1035
14745
4408
6671
1908
3247
2680
12112
5426
7105
12540
12577
14072
7421
1136
14520
11311
9363
11195
12960
8819
10980
3671
10583
14007
9158
2905
2512
2038
3965
4293
108
14719
14000
1722
3313
13045
9075
13747
3530
2586
13056
4758
14347
6201
1515
13763
14034
3786
2963
9175
11373
11520
11747
6606
513
4489
12561
3914
9238
9816
9989
4852
10279
8208
10617
2575
5745
12622
8521
9557
10377
3721
2092
105
8744
7181
445
5094
9058
12260
11301
7687
6431
12815
8632
645
12776
9025
6208
1726
12871
14577
5235
1979
4815
12730
5890
2300
13967
6526
614
2698
1510
5448
1109
5852
9743
9852
2616
13308
14581
198
13374
4210
11442
1323
5011
14674
4832
14178
1971
11411
11690
10978
4801
11543
11190
1413
4172
6177
86
8237
8925
10213
4602
8009
7459
2969
10051
3059
4468
14574
12194
93
9124
6373
10362
11423
451
14997
618
4826
332
8316
9858
6524
1474
3359
8914
3970
9777
14747
14213
1109
6411
8922
5338
5995
3555
4953
7699
7437
299
12823
8251
12471
12220
7203
9195
192
6631
14928
3612
129
885
5004
1834
9771
5299
9027
7852
12451
5004
6368
2411
13738
5177
6524
4488
11129
10963
4979
9509
1209
1274
2004
5045
12578
8976
10173
10680
7763
130
9127
11305
8583
11958
2127
11695
23
11853
3167
13038
14124
305
9814
10068
14449
12348
2737
5458
9044
10236
13948
13203
5687
1074
6106
3745
5740
4308
11886
9826
12842
3397
8564
2298
12449
5932
14154
11193
2238
7714
13764
3783
13948
3793
13281
14944
8133
13183
9875
9536
12104
5881
12138
14230
14169
3726
9190
4860
9555
7303
4263
7227
2626
10926
6564
1934
13565
7719
13111
14378
9721
13900
7274
10066
10479
9633
6992
7487
6447
11138
7782
9707
8457
12589
13330
14858
9348
781
14991
13286
5793
9686
7751
3342
13385
3179
10442
13955
4560
4081
11010
8878
988
3798
5724