3794
6288
9129
7044
3303
10774
12136
1271
6138
6911
14316
7242
6782
14333
1029
7474
3358
13079
14267
12563
2775
13283
6401
7041
14841
13178
780
13043
3280
2531
4444
14527
8308
3887
9113
8934
149
4250
1939
5122
11429
10995
802
7710
2876
7576
4255
659
1862
5167
12787
729
14102
1734
11095
11334
2977
5772
2785
10154
13240
13604
104
7517
2106
5761
7117
5854
670
2667
13057
8679
12866
14999
8868
2656
14971
9985
7873
12275
8153
2987
9347
1267
14892
8111
9227
8822
6130
41
923
8597
1185
4938
13853
3592
116
11784
11418
11607
5830
14509
1294
4698
13374
1864
8908
14679
5688
6716
2349
14129
605
9793
787
4803
6815
13260
13614
2450
6272
2394
4919
2557
11602
10017
5479
1374
10425
14534
9241
14669
11605
12013
14813
13427
4846
4361
4612
13702
7695
1127
4344
7528
1898
640
10842
12731
5599
7720
11087
14233
8833
7397
621
11996
2322
13613
14057
11734
13063
7486
6140
11686
7618
10699
9060
2707
7088
5956
2755
2526
6291
7456
3975
12921
7647
11425
8239
756
7623
9274
10033
12150
14311
2528
13988
10724
12704
14786
9595
7904
14793
6870
13139
3570
556
14683
3153
5431
3484
8700
3547
5920
852
3225
8919
4419
8508
5871
9043
7253
12262
720
13606
3559
6478
7073
14
5700
14333
9171
2663
4832
5545
3438
13874
4071
4666
9817
366
2611
10706
10501
8912
4258
6400
13755
14368
323
6624
1595
12814
6670
10205
14322
12180
7510
2920
8017
13251
984
11717
12796
12321
5143
14606
3686
5920
4942
10599
7162
13716
7130
2275
13637
8940
12721
13784
9935
7566
1514
6219
7185
4005
10611
13591
643
9918
10154
14399
1
2891
6750
4432
2591
863
7777
6264
6871
1740
854
14621
3639
603
409
7382
3574
2555
3935
2129
382
7348
7913
9748
6787
4897
4904
7938
5597
9440
9896
11059
12459
6794
2232
3987
2593
10143
8979
12681
1860
9201
7408
3810
716
9517
4777
11799
5669
7881
11241
6303
8211
6503
2021
5553
6771
3221
9469
4826
11282
7575
14958
5993
12738
9505
11082
12118
6829
11903
13421
5152
1188
8304
1410
7033
1378
1322
13704
4860
7503
9020
3380
9480
1935
11690
2081
12039
2188
10294
9093
860
4731
985
4838
12090
4240
7200
12551
4935
753
12888
5271
8118
9523
3451
3954
10951
11572
14323
4863
10531
9886
13315
3975
3772
13087
7226
8661
1992
715
9906
6988
6160
12219
7359
11067
3354
12769
983
966
4538
8641
10207
6389
4356
8702
4934
8223
11304
4381
1384
588
14993
9068
3237
6486
3761
10251
1941
1367
5174
6750
2417
2392
7098
11620
9624
6080
13049
8076
2228
4427
12053
5617
5758
1436
4569
1456
2413
8797
14987
1600
8926
4892
1998
12763
6344
11781
8025
2198
10763
2063
13951
14920
5184
12670
4235
14162
9256
8374
7331
14493
13699
1312
13461
461
1554
7999
7008
6948
12288
4700
1264
7789
1651
1164
4831
13061
1245
4614
1992
11861
14314
14485
7418
7146
968
8306
13887
12800
13386
10629
1975
8468
1876
9537
5086
5009
7305
2515
2609
12415
8624
7512
6164
14549
2560
5501
7432
5865
7001
12164
13016
10272
3672
2346
9971
10536
11092
6282
11981
8821
14345
5560
10946
1362
14371
7587
12671
6469
2099
6760
7849
2781
13358
5748
9465
3689
8305
11215
1059
6718
7183
7780
8499
6609
6785
13508
11233
12550
4589
14569
1315
12105
1543
8665
9073
14853
13358
14495
9344
7174
7165
5212
2010
14200
7364
6163
11385
8667
12717
2455
9420
13521
14512
10384
8723
6834
5952
2155
12598
11419
2080
7140
558
13644
3405
8667
5200
2236
676
13789
8149
8655
9530
5012
12391
6492
260
12469
2509
7357
14501
3343
9666
1331
12508
7208
3971
8992
159
14205
76
13931
12553
11085
2143
2988
13794
9490
1868
14985
10389
6072
8887
9631
6819
2972
3178
846
4920
1757
3234
5522
11394
6943
12734
2959
12735
2486
5441
13292
14230
2581
14928
11158
3545
3754
1147
13169
3867
10698
7458
7481
3214
5584
3349
14146
1038
12922
8304
12534
3249
2600
13283
11216
6181
1570
14877
551
3104
26
11942
9648
12056
8126
11431
10852
12766
8060
9701
2321
11881
2689
4889
11221
6232
1630
7649
10622
14384
5950
12181
3291
14425
273
232
8847
28
8861
9727
8459
3728
2741
4768
9560
2057
9694
4950
11931
4238
7355
8705
11646
4020
8090
2269
14946
2327
2371
13794
952
10714
14162
5634
13650
7910
3087
14689
13638
1025
1185
1359
12848
8910
11068
6723
8808
451
8249
12408
13787
10171
11223
6772
5745
3079
10174
9713
5838
77
10774
1340
10339
12921
10282
13883
3838
5387
14539
7661
13166
3234
13023
12190
4386
12959
2634
7886
6538
668
8443
2656
6360
4116
14959
2975
6809
321
4424
8711
13412
10448
2465
6308
12134
805
4901
5799
9221
6415
25
6226
12970
10998
8429
10014
2518
67
11276
2685
10047
8648
7302
5792
2371
9751
11815
13285
10485
4798
4907
13347
14824
5462
4961
5632
10920
14589
10591
13786
8782
3348
1235
2649
5046
3141
9430
7493
5339
6459
13884
13418
985
2418
12312
3228
8805
2887
2531
11773
9422
2564
1267
14311
4857
4039
9159
128
665
3946
7221
833
2577
7023
10129
13343
3578
3109
5252
9059
11203
3438
6037
3113
5557
3259
8186
797
10864
12938
831
7790
86
11514
3691
7328
3745
14337
6766
2227
6555
9266
3543
732
12611
13520
9424
11038
6784
14119
4223
10746
13206
13331
9255
12909
14521
441
6712
13520
14518
14135
7023
9581
9626
8649
6769
785
9421
3220
10177
14058
1658
1620
9483
12863
3603
858
4975
8294
2532
13785
13166
8578
6212
14063
1341
11256
3321
6649
1859
4067
3908
7797
9641
11855
10427
5642
5034
2633
687
3815
8679
9132
14862
2048
999
9277
10468
2561
6678
13736
13385
9422
9387
5208
7560
2644
13389
2304
156
8261
10221
8284
9998
13307
5099
14233
6452
8056
4341
944
1783
3699
12983
13767
14790
9138
14627
8405
13959
452
1247
6
14678
9750
6206
3835
3348
10891
2933
10889
5794
2881
4323
12418
4746
1607
2091
14925
12791
13680
13862
3916
13772
13940
6212
10797
8302
199
6610
4791
4299
5016
1414
3718
307
1445
4553
8895
4200
1358
8980
5869
5779
890
1611
9741
6229
9755
4652
13582
10157
5705
3535
1112
6432
6765
5286
10258
11045
13676
11385
3644
4176
10027
818
5992
13896
12951
4977
8840
731
1874
14137
13962
4657
125
9309
12518
11903
7042
12349
9458
1995
6090
3575
8712
13816
6279
12302
10065
9913
12586
8957
3744
11772
1551
3037
13142
6290
2930
5005
13083
8490
4397
1900
10467
11562
7123
2574
2117
5804
12047
7326
105
13050
14202
13606
253
749
4019
12212
4019
564
12510
10095
12979
4296
8662
9180
14556
8878
12347
6877
8901
13116
3506
7304
2522
9539
5548
10257
13932
2923
14203
12408
881
7759
7973
5526
5758
7726
9808
14927
7446
3313
5321
13727
11227
13213
8479
14595
4302
4520
380
2177
4341
9203
799
7577
6851
7865
7448
9300
7651
8578
6231
1901
8651
10136
12537
4818
7071
1433
3626
7102
748
2264
8536
246
7774
13086
1489
13452
13871
2821
4869
5381
9073
14252
5388
6885
7603
6806
7987
2408
10716
12970
14027
6012
6438
11256
3418
14186
13637
2015
6896
12489
3169
6983
5510
11363
14021
7788
824
8509
11106
7727
2572
13774
9007
4959
13340
2646
6898
13781
6098
4657
11729
757
3979
3195
609
11827
10765
8451
5969
1863
11079
6110
7567
4224
2391
6478
3957
8871
14045
2879
1699
13777
4594
13368
9002
8530
6277
809
12076
7437
713
213
12997
13982
2134
10414
7584
997
10689
11424
4782
543
7253
12609
7709
13502
4397
9108
9825
6181
12976
4505
6994
3621
7742
14295
2460
9128
10465
6208
7006
3811
13826
12000
6455
6994
13776
6419
4682
9460
4364
7945
9282
6772
14200
12500
11981
9454
4287
9538
1822
155
4104
7322
4319
3501
460
5053
809
11572
9921
3283
14526
3201
14527
5326
10546
11574
8061
10691
14708
4933
9155
3957
7140
11442
13570
13406
6732
778
11825
2477
6591
2787
11188
758
7279
10442
3704
12253
5576
13126
10983
14932
11823
5128
3247
9816
7129
4962
6033
470
11496
3788
13504
14939
14439
9663
12113
10751
4096
5274
14087
5659
14904
5998
9175
13429
4908
2252
7334
7653
1432
11584
1056
6886
12510
7629
5606
14316
3388
13231
14914
12206
7849
2926
6454
5737
9626
3799
11127
6920
5090
3022
14380
6510
2753
14501
9867
9066
8807
2437
464
2649
2484
6274
1613
12752
2783
7594
6245
8292
3444
8003
6660
5838
1532
3761
7520
4795
1987
13043
3433
2724
7475
4660
13392
14176
5832
4619
10397
4732
7563
11297
8418
10466
10196
8076
13615
10850
1887
9810
11639
12880
10753
13072
6189
7779
3262
419
3833
6730
4469
13200
8369
14045
8223
14390
69
14010
5343
5208
3458
11470
284
3108
10498
6291
1118
12817
14995
10701
12634
11679
2519
12852
505
11331
8625
14539
14385
112
10869
13779
2015
508
7437
10338
3212
2099
4951
13528
8561
14690
11797
12647
2395
14725
11334
437
6937
11786
3229
14444
14786
10107
2030
4204
2319
5380
2512
1224
8033
695
10794
7626
14929
6574
4791
7325
13694
1326
4158
1005
4473
1236
9546
8119
8134
13291
11414
1962
10683
8905
8532
5933
10531
8477
6906
5469
2499
9354
1094
5618
8963
3248
3209
9741
4151
14632
11528
6220
6935
8713
12290
14991
12977
8328
342
5025
8204
1305
3971
5625
5840
10813
11883
1174
1005
5236
5083
5816
3974
11168
11480
3272
6804
13114
4438
5347
4665
2935
7410
7152
9237
2916
6653
7719
6923
12522
10040
10411
1186
7776
12011
9090
10474
4190
12216
11882
4138
13542
13869
4404
2783
11207
11983
14906
3475
11272
10429
2722
14910
8073
4058
10274
12906
528
13553
11448
4532
3616
1885
7243
12599
7773
11266
14709
1048
241
6005
13968
24
7885
7974
4416
11367
5361
386
1789
2897
246
7739
1803
7027
1421
1306
13939
12415
6645
616
9328
14447
3292
13141
2530
114
8620
14749
4055
11444
2376
12252
11862
9864
12036
341
1967
7148
184
1936
9260
3215
1839
10066
578
7185
8147
9055
7960
8237
6021
12175
3270
6044
14931
13560
4937
6734
2
11113
4810
11510
12394
199
6144
4883
13692
7736
2947
3208
11814
2692
1848
14773
2595
2375
5799
6279
1567
12639
4622
14548
14311
12514
8725
2870
11192
6638
11578
6225
14987
5202
2059
7288
14701
8600
1230
3063
4831
12830
14048
9242
9901
1682
9882
5743
13445
2313
5936
10226
1063
9553
2801
11762
3411
2857
4244
7912
10623
6306
12875
8085
1692
7170
414
2527
3762
5248
4584
8057
3286
4895
10424
14158
4845
11862
8965
2731
10461
186
5663
4543
13170
7833
2124
9072
13284
6286
6756
13957
7616
7489
11928
3987
6651
11834
4050
6974
14032
2352
9954
10621
11613
581
2716
972
5117
1322
11085
1882
8862
2678
4676
11757
760
6589
7863
14033
9546
6147
8418
11696
2927
12638
381
12407
4368
11324
13164
11239
5462
3073
12051
4225
9584
8573
3015
12330
7239
12455
7626
11672
7305
4800
6762
3030
5561
8680
9621
3296
7206
9449
4647
3998
10233
5506
11760
11591
8840
2214
8302
13077
424
14530
11759
14244
5383
2552
8275
3756
14183
6685
8184
3251
3914
10530
14037
1236
11576
3312
14899
13432
9734
3251
6305
13009
352
14099
6541
11989
8603
2124
5242
5999
8264
7301
1611
2325
13887
681
14239
13775
2072
3558
8801
13969
1258
11943
11841
1396
9990
9493
1568
8558
8070
7522
7397
1517
14885
13514
3512
3738
3765
6674
4819
5598
10794
6865
392
10455
9720
2759
14299
4480
7251
10412
5029
3925
9941
11033
8247
6354
8506
10258
8662
9309
4046
4232
6907
948
12982
11952
5352
4134
7529
11311
13751
99
980
1497
9367
11142
8097
5417
14494
11045
3445
13809
4438
10471
3932
12704
327
4398
4127
7301
10025
6803
857
7689
7840
7942
4198
9037
3708
13696
11959
13185
7915
11629
9142
371
910
2449
13823
12513
11170
12973
604
6458
2536
10542
11172
325
10219
13274
523
5354
10744
10299
8816
8856
5084
4601
13958
4609
6800
8129
7360
3204
6180
13373
1544
7085
7632
4859
8468
5600
7175
3068
12832
560
9139
13675
10211
531
2246
14330
13904
9402
5165
7747
8115
8784
14937
2495
7007
10349
12457
2931
5511
13677
7940
6995
9169
14531
13618
11612
35
4594
12208
2447
14871
11256
30
5966
11544
11279
6867
9275
11600
6907
10394
9605
462
14095
4682
951
11898
2023
11512
2366
7592
2902
2029
8740
12605
14415
282
2245
3243
4436
9692
6922
12777
9154
1584
7038
966
11619
10755
13703
7327
14905
2438
2813
4504
8590
1521
1931
12037
1652
5400
8471
9500
8640
6833
10679
13841
6073
8918
9577
15000
5322
6105
4327
14002
6689
6194
2705
10703
11118
12429
9648
5174
2272
107
10648
12528
8473
5470
1604
2841
11028
10965
2679
3805
9941
881
6242
8123
10109
5408
38
9907
6594
6831
4443
8121
7439
12581
12296
7168
1931
4894
4110
1819
14618
2450
13511
3709
998
3336
2188
8042
13422
14191
2173
9531
10072
11864
12962
7956
12965
11463
11187
1892
6114
7493
6237
8542
6127
7205
14800
4841
3451
2529
904
1007
3277
10571
5750
7736
12853
973
12922
771
4084
4750
14324
8888
12652
10405
9685
11434
10868
14473
8120
9019
10849
14832
5376
12945
13646
6814
12009
8633
686
8575
1146
13935
12612
13972
13549
1075
4671
13018
13610
10931
13139
7302
1870
12777
6426
14572
13186
865
3516
784
8090
9727
5032
11495
13036
9214
10099
14301
8265
731
13186
630
6945
6977
6906
8759
8249
11611
11700
2305
2015
6784
5625
4061
3925
14975
4224
299
12255
7285
7444
1672
3903
11282
9154
3581
11573
2528
10608
2237
10678
1447
144
9619
3942
3859
12147
13225
10115
9351
3842
10780
9369
5542
8318
5172
14299
10498
12352
7077
8936
6578
13470
9175
649
2098
10880
2050
14861
12727
5802
8690
10963
13203
1868
2722
7074
1788
7630
3824
6270
10240
6675
4228
13973
13892
14584
12190
5565
12834
8706
6323
11809
2878
7368
7223
8717
4441
1381
14243
8709
7863
9743
7217
2006
2228
9994
1101
14552
10334
588
11108
13119
3245
12560
4969
6119
5033
4821
3892
4221
11373
7601
1446
1450
3286
1927
14420
6640
8800
9016
2006
1670
299
8119
4913
7662
7839
4291
7853
63
14767
12073
5301
2695
5725
13867
710
9218
5525
6327
12053
10884
558
9686
3410
12776
8961
4874
5327
5547
3237
10597
7883
5964
580
210
14466
8873
594
13856
5833
4862
14180
1548
8862
9471
4408
140
5838
9160
3346
14542
1198
9571
8190
14780
9884
2110
13542
1694
2455
1266
2054
6936
2365
4999
4962
5842
8400
1893
13623
10841
8198
13968
1042
11129
7576
1311
2957
10547
13542
12668
4242
10378
3497
8274
9637
12808
13238
11958
14744
1401
8565
6726
10890
11901
11561
158
8143
12185
13629
10502
14945
9903
7173
5248
7678
2761
11810
7084
13259
175
3269
5119
14751
11776
14068
5743
2716
1233
1420
1543
6788
12874
3991
5270
5890
5148
5583
920
1922
14362
7933
11230
6087
7611
3368
8112
13352
2622
7839
2754
11723
1774
14831
4799
8643
13173
8230
10585
3103
851
4130
8069
12412
6526
9959
5433
14440
2977
3198
163
5401
4315
5449
11471
9598
4687
6932
1998
8662
8921
4864
2169
12557
10386
6236
14804
7216
2380
11428
9447
10960
2831
10572
29
4024
3709
7516
2933
2894
3662
14361
7995
7284
14615
109
12944
5200
959
6581
8033
12321
7637
6089
8893
4323
12627
13213
12230
1700
12550
2458
9025
7595
4794
8571
14139
13980
13576
1003
621
5835
4577
5567
5452
13493
14324
12183
14001
4882
7385
13660
4300
10689
5984
5660
2536
3453
11911
1643
1578
4960
3966
13569
4834
2124
6054
9182
6336
4163
13115
14261
6008
8798
6781
10893
12006
12906
5633
5348
14365
9731
7844
4963
12246
13049
11417
615
3588
9459
4475
13200
641
11716
4106
2392
212
14999
8590
11894
8642
2985
13275
1236
1243
12553
14661
13903
786
9085
13912
12604
2517
3663
8457
13913
1735
4567
11632
3455
3378
1633
4835
6155
947
7943
7348
1988
9933
8535
825
14136
9562
14139
10918
7033
6294
8550
7346
4188
202
14207
7912
1137
6193
14638
8484
6949
10595
14881
13146
12701
11720
9308
3633
14835
8392
6859
8888
12444
10016
7704
3930
12999
14939
3393
12618
10724
11126
4969
13376
3813
9175
2100
12677
14425
1372
11053
3634
14548
4511
5572
1218
6573
12541
7152
6112
12310
11047
498
1451
12519
5502
8230
3356
8128
8157
14118
7865
5174
2400
11985
1085
10855
10535
11226
2496
4583
3321
418
14
7047
6124
423
7177
1949
3467
9780
11478
4959
12205
14180
1030
2623
2765
1800
5581
3520
7613
5766
14609
13967
4543
5282
4356
14685
7151
6427
11530
14667
6112
11205
1651
346
3981
8554
12436
11905
13275
3782
1323
7853
9827
2262
4756
8395
8031
6444
9506
7028
5725
10019
13391
4243
341
11199
12354
10885
2838
5496
5043
7545
13659
7149
8349
13459
6281
552
9637
838
3605
12044
11700
7519
9538
6905
14031
13759
14083
1189
13367
942
3429
6846
9607
11406
6076
2067
6818
5209
1020
1706
6734
6877
2909
8231
1380
2268
533
3903
11727
14777
8655
9601
8339
5783
1904
4954
2188
5552
13214
3272
9439
1971
7618
4001
10352
608
10521
7626
3967
13890
6245
3347
14307
14848
7210
1186
12090
4273
4125
7222
765
2756
5984
11861
12881
7052
12228
13489
272
10445
3833
12691
12438
1463
3692
13855
2383
2186
9157
2269
13153
6892
2562
14066
8423
12362
14355
10806
9390
10123
6625
1671
11757
7614
11004
1082
2261
14498
3595
8471
3495
8408
562
13662
7299
11199
10073
221
14495
9643
12485
1788
6273
1700
12464
7421
1439
1639
8945
13931
13426
7537
374
8467
1547
4076
6866
14981
6673
9610
33
10772
14151
6484
13523
12920
12971
8807
9576
11178
93
7616
5932
2965
9018
5927
11588
12145
5992
9845
3016
13242
1374
7859
4181
11260
2049
6459
14442
4488
9722
10425
761
14948
1137
5534
12623
9582
4978
5234
8688
6070
9733
3718
7622
10923
12203
1122
13120
3131
1567
1874
4469
11564
10453
13825
602
7641
2633
166
7003
3618
10173
12654
14529
593
1309
14780
11657
13269
1210
11590
11799
13863
3124
543
9083
5789
14137
4500
3876
1601
11872
8057
9767
1001
3668
4164
9336
14301
4013
868
13657
9626
4744
12282
12467
13937
2479
12031
13025
7824
11047
13085
7968
6315
13495
14059
5230
12785
2091
787
6965
5786
124
7298
8293
4441
3777
4723
9709
8926
1086
2326
3559
12485
9592
2359
12671
7057
884
5479
13878
13381
5433
7718
10901
2099
14417
11224
1293
4540
10037
12142
8508
11406
14909
5533
544
3989
8332
6592
7813
14906
8069
12431
11469
5870
8799
10376
14579
14308
9062
11757
8597
14408
9967
5521
4831
38
12511
74
8588
9578
9781
11435
1426
650
4167
10073
3298
480
1873
8416
1860
13284
14
4140
5820
7263
3045
5113
10338
1275
9509
10161
9611
1568
3393
1023
1865
4925
13988
11812
14465
158
7952
13798
14956
4854
2304
1384
4643
6002
1876
9094
7642
2411
4726
7489
2106
8349
14704
10818
14061
9049
5099
7108
10042
13649
1368
4733
12208
12512
10088
14258
14854
9727
13536
2949
3140
4400
14242
14171
10424
3178
1270
10078
9530
1980
13011
9679
10190
13656
13750
9759
5248
13903
1403
9237
2682
11193
13095
2946
13561
14515
3463
13406
4650
3701
2698
5917
10382
2867
3511
8000
14646
11588
9964
13859
6534
13178
1679
4503
23
5619
4660
14580
6707
9514
12143
2571
10305
7534
6312
14258
10364
8517
1464
10399
4816
13593
70
13439
733
14528
5896
2369
7812
2748
12745
10447
11992
11337
6036
11374
4356
14991
8862
13689
3339
7935
33
4918
5943
11488
1975
1631
2722
13943
11187
1244
5022
13327
1069
9742
12240
11763
2879
3735
8809
14603
12131
11417
4528
13611
13128
3143
4685
13883
5731
293
12219
3721
6423
4309
14144
6146
9921
8786
7827
3267
966
7074
2849
9334
13133
4617
5371
5740
7025
7198
11136
7282
3031
10327
7202
1519
8361
4842
11171
13071
312
4904
2634
12035
9424
7069
8145
2448
3629
11103
1921
2054
14026
14446
5735
7667
14042
3317
8057
1849
10744
1636
6729
6485
8335
11087
8480
14965
5514
3759
8418
9274
5722
5664
6383
3787
10963
4184
4250
14125
2340
12556
1044
344
6169
3996
7738
13993
5724
1138
7038
1838
5029
8897
12495
5542
2114
419
14713
2961
14061
3197
14589
12726
9809
8812
4351
7618
6767
12656
128
3983
7723
12827
727
6508
8478
7698
12306
6216
2487
10393
2284
12003
13694
645
12341
2303
12635
12652
3492
5723
5435
7022
9408
3833
7110
6936
11946
7856
10469
10768
3889
1178
14025
2592
13847
4412
14871
811
3306
6756
13762
481
4728
7880
14624
8122
4418
6292
11875
5837
4212
4680
10832
6887
11686
899
2626
20
12403
10466
11269
14390
12929
970
14901
3081
6653
13215
9208
7405
6551
7933
7440
4956
436
1900
4178
7660
4503
2117
10165
3402
6442
1845
5839
1500
13150
1995
1999
4004
11278
8043
10828
12417
507
6167
1568
7244
3279
9392
7785
3803
1016
4769
14864
2107
7128
2629
6751
13492
6304
2001
12067
6166
10095
4272
636
14654
12608
13048
538
12911
14452
739
12205
10243
8241
7538
12491
1611
5073
8659
12218
3481
11280
3527
5048
13611
4553
3196
4345
3180
9401
2154
4799
1816
8094
54
8470
5835
8285
10260
4871
3492
14464
5294
6331
13668
11105
10641
6276
3580
6714
8008
3317
2129
1278
6624
3798
3808
7991
4047
3908
1371
3995
7055
908
1579
13699
5454
7319
4400
165
12465
525
243
1581
11116
11624
9912
2137
8198
7645
3538
1000
9645
8024
6322
4770
8467
7949
14924
13001
1021
13906
4531
12495
7730
2502
13534
12287
7939
8633
3377
13436
299
12131
14070
12701
3580
9362
9088
5973
7826
12992
6536
1794
4149
10009
8997
13208
14903
3216
8396
9156
2482
7019
10537
4753
1096
8522
6724
1973
7237
339
12921
11645
6069
14706
189
12289
1524
2729
1963
642
4589
5431
4285
8019
6173
8987
11421
10078
2000
9007
1113
3181
5995
1968
12316
1518
2264
11071
3584
14787
3373
8024
7945
8408
3128
12614
2286
9324
6128
14916
2774
5286
7173
3661
8278
9639
12173
11632
14113
13594
3238
1853
9356
7650
5801
1208
5341
11589
14092
14339
5534
11039
10406
12400
14731
7484
9761
1766
11590
13030
4518
12993
8142
11359
10336
14942
5138
6048
5101
13356
5072
12633
7034
10749
10153
5700
4036
14740
5134
2577
14109
8444
8951
12400
13037
2937
2649
12913
5515
14758
21
13971
11114
2484
14945
1026
2714
10402
14695
138
13620
4125
13971
12862
1461
10398
1017
7490
11317
4480
8925
11118
11568
8806
10027
3059
4819
13652
9286
2006
8012
6635
3308
7749
5351
6578
11998
8475
9207
1758
10420
5533
1422
2373
11459
2311
4212
2975
13258
436
13031
6835
6124
11084
11343
4291
110
6999
5825
8439
7601
4832
4659
1846
4611
14374
12324
179
1233
1415
7330
6533
957
7828
1911
1323
2861
4137
5003
13654
9085
14497
6781
5136
5864
14080
14404
4895
7926
509
11605
13324
6760
1212
2855
9461
1817
11288
3480
1890
4610
5685
2493
8550
4483
11354
12677
5698
12185
755
9221
137
1551
14651
14210
9465
7587
11895
8202
9905
14297
4127
6988
11721
9362
13067
2270
6141
2467
12705
8131
13180
2495
8259
6383
12934
10440
629
7742
12099
9834
3017
9924
2814
4995
6795
5669
9545
1479
6170
4293
2936
11585
4842
14386
11613
1100
8727
757
1701
10649
1675
3277
12512
2593
8872
5459
8802
4370
307
1810
6042
10357
7283
12933
2367
9092
14963
2699
5430
7020
12063
9889
1551
7691
2190
5793
3243
5257
7227
8458
4519
10215
8934
10863
10456
11499
823
11390
7702
11984
3952
4894
11473
14541
13821
14785
6273
9637
3129
7303
14493
12777
7888
13859
1761
1301
11105
8256
3160
4036
6850
14222
13147
9841
5346
9229
1132
720
1632
14667
1912
10325
7089
6558
12692
12454
5075
8260
4963
1984
11125
13028
6359
2051
11144
2119
2798
7547
14902
14957
1137
333
8529
6170
14820
14825
5397
6259
6274
2413
4878
13297
13492
3779
5742
13675
10374
12757
7289
14812
5838
2997
7431
1365
6314
10085
8925
12864
2984
11971
10619
5160
978
9664
11797
6300
7881
9018
3017
1908
9243
6225
5071
2727
4656
14551
10236
11532
11152
8660
3238
3311
3375
4365
10804
835
4784
905
10477
12712
10551
8630
9142
14362
14876
986
13936
7963
7181
13565
4324
9231
9479
5384
2721
3007
12407
8071
14119
2764
10680
11072
12557
9346
2694
14857
4683
3656
584
8205
3377
7627
3262
5143
1888
9103
1433
591
8610
9175
6401
1030
12716
14912
10179
4197
6197
14638
704
10187
5128
4378
7489
1705
8357
6207
8610
622
8148
3248
13151
172
14829
1606
11709
11429
1020
10889
5060
4821
8344
4647
5358
11268
1196
11021
11598
6658
12999
10955
10963
3340
3546
4428
1285
7335
2054
1779
14690
7689
11010
820
971
6520
11772
13706
14725
13473
6035
387
5172
12053
3180
4494
14843
7769
13922
10389
2998
7712
8640
8015
14285
7848
10807
1744
4370
13432
6475
13053
12948
6109
8741
7029
10152
2824
10474
9535
9364
210
11890
13273
2190
12233
5179
5617
14353
1526
9732
14744
9375
4163
6502
12813
14576
11995
7268
11200
4912
10645
8835
10510
9174
11410
14367
11568
560
5089
3978
10748
8221
3287
12688
7390
9507
8425
144
3060
4703
2925
13425
7673
1542
7232
13620
11057
11609
8072
9448
9274
4478
13668
14549
12096
12244
8945
3869
3910
4781
6494
680
11137
13396
8053
9413
1861
12357
6335
11267
11897
5859
11545
9492
3007
5181
5865
14748
12149
671
6827
8908
12241
9504
2979
7065
2520
2328
1073
1639
3378
4979
14872
3689
3504
11904
6353
9252
8516
2296
1961
10293
5228
6675
13790
14003
8718
2816
4305
4806
10416
304
5879
6001
14637
10721
9799
4511
3625
3177
6156
377
5873
1019
6904
11620
9285
7442
4071
7120
11130
821
4757
7519
10090
1980
12867
7486
5925
7672
9439
4139
2934
1120
5923
6695
4622
6886
7237
7591
9606
1797
10816
2241
8766
6482
14511
10314
13882
7446
9521
6569
12044
10685
1112
12661
6391
7972
7847
1055
2625
6707
8175
5131
6163
5870
4144
3097
795
6264
5510
12719
13924
14793
8937
9175
5150
1542
13318
13512
4990
1273
5600
3903
1239
1824
11481
14988
10026
8300
14432
12776
6086
8088
6792
3345
9078
6539
10782
14946
9228
9861
5348
6672
14634
3679
12014
5520
13716
14921
12336
2269
4282
1077
12499
10444
12543
2025
14557
14675
6130
3581
13066
8950
606
6217
6101
2701
14934
8737
3134
2109
6092
7201
10395
11877
9528
11396
13707
2095
7694
11025
6172
6911
10618
6715
8710
10652
8744
3555
5453
3492
12998
12039
4010
2117
6242
5381
11235
8839
7028
11337
5180
3119
11756
11340
3466
4605
826
14781
11204
970
12307
4747
13793
9904
8135
3268
760
14864
8985
6918
1159
14983
12428
3142
3686
11774
12558
5047
14700
8970
9963
13721
6096
13428
3215
13698
5538
6313
7487
4631
1675
11099
12625
13468
3470
6162
6756
8654
5751
12183
8365
4260
8109
428
14010
1171
5312
8664
6788
12540
9499
6205
13045
11649
12589
12605
11636
4485
11537
1186
14654
13807
2078
11929
2970
11880
4884
13882
3783
12120
3273
5760
9722
12078
11403
174
1663
10071
13667
12340
2130
14093
9316
5574
3491
8501
7562
7347
14814
3455
10705
5542
12118
12355
12848
7307
12626
3432
12160
7187
5700
5329
1395
9548
9167
2006
2669
13386
4633
5961
4682
4403
5818
10712
10246
4322
8500
1854
13198
3626
7278
7711
7968
4006
11118
14717
14341
5017
504
12426
710
14304
8365
1036
9946
3668
4817
13648
2489
10274
4356
52
3023
13575
14738
4153
8784
12583
6857
6852
670
804
417
1778
557
9578
11902
12363
10830
6357
2634
13492
5260
14641
1092
14049
7551
475
12507
7817
926
8352
4557
2529
13198
11047
9084
4061
6462
14652
7012
13995
2657
12123
13083
6685
11308
11065
1363
570
14752
6509
10933
454
7710
2358
4717
824
12496
12770
3174
10582
8660
1472
6907
1579
390
10854
1453
12378
12436
11573
4694
6457
7218
12629
10374
13116
12372
13012
3184
4586
1392
9963
7799
3873
12708
4034
392
7180
7229
12044
6233
4295
2416
1412
2605
5055
777
2623
1256
3883
11930
13510
5353
9433
545
6350
5732
2405
6938
2918
581
6616
6310
11372
8293
8641
2854
2334
5388
3410
12701
14163
6331
10040
2139
14599
10221
3209
7123
6696
8433
5839
11877
10633
9395
1816
7313
10175
1044
2706
14028
6759
5627
1879
8050
14799
10240
3084
11704
12855
14875
1486
2094
1972
1914
11346
14463
10771
11554
2367
8362
3381
14625
4637
1729
3388
3845
11513
1793
6063
13491
14802
13923
11550
4572
9784
6517
3130
6944
3738
2119
13933
1106
11516
6669
12176
9137
4099
12523
3047
5594
12125
13560
4656
917
2405
4815
7676
8415
2495
5902
2018
5919
3302
7751
8098
2663
9860
9252
7450
14338
12232
6125
13630
2998
3996
6935
8966
3228
9626
13948
1349
3348
12369
14751
4160
8504
629
9816
4445
10218
13152
1292
4187
8602
4802
13560
8004
1680
8537
2138
5444
4598
10301
1134
5530
2461
14622
8086
4347
5696
11105
7258
6778
3485
2551
5941
13739
7049
8680
1043
13281
8287
4266
1035
9978
11592
6168
9607
12777
10859
4634
8918
12261
1489
9321
9776
13517
6934
7316
1600
4307
1275
3057
11531
10658
14667
12750
4764
8346
6654
14475
3417
10260
7811
5996
14378
6690
9896
1668
10705
8155
2506
6820
6166
13784
571
7735
7831
13737
10153
1889
8407
13903
4166
9563
7674
4382
5396
13037
2951
9396
14334
1006
3695
605
11335
1405
7583
2343
4411
9916
6014
14653
5990
12952
1083
9937
9151
13381
8404
12954
9617
14643
9127
12669
3160
12387
3374
7391
154
2369
7444
14129
7156
10567
14145
14559
13991
2642
2111
1066
6840
11302
8035
11309
3623
9710
843
11240
14841
5074
8132
3484
13954
7384
3187
3832
4346
6717
11485
11503
672
9144
12092
2182
5854
4693
11541
5250
5747
7081
11467
9326
2428
11863
6111
3311
9302
5523
4607
4566
259
11809
2325
12572
6482
2216
4833
7467
394
365
12170
1302
13817
6273
7646
13216
883
13145
9146
14079
10583
8820
11292
11469
1030
8898
7521
11937
7446
12664
14819
3423
10094
1423
13163
10738
6711
8203
12515
6710
9024
12020
5226
12649
6597
8746
2448
3347
3936
3037
2777
4840
1975
1992
13842
13963
7361
11309
6335
3020
2259
6545
8269
1721
3360
3165
14107
11171
10254
14144
13392
13791
4941
7596
9229
11359
13510
12892
2389
5594
11609
2030
3118
11544
12805
10554
10436
10038
13511
9220
4752
7076
8876
7481
7552
10970
4918
13784
11264
4458
7052
5571
12184
524
5749
5493
11367
1056
4514
9497
1368
4443
12851
11752
11679
2150
548
5601
1720
11856
9985
12892
10642
8591
1774
4125
1158
6553
1379
13659
3964
9511
10629
4029
8592
4371
7972
11841
14859
14787
2016
1765
10279
9466
489
3604
1842
5224
733
6152
10325
7053
12173
922
14561
5781
7722
13313
14138
9068
13901
10335
10737
1596
2221
7155
6594
10133
2227
2746
597
3702
8725
12325
771
2334
7374
4216
13898
13360
7297
1265
5681
1549
8901
2202
5504
9356
1400
7315
14979
4724
8950
12380
3955
12345
13521
5999
11152
14214
8775
9980
6788
6326
9182
5773
10601
13954
10900
3663
2074
9541
8317
2480
10536
11773
8860
12360
8292
2561
1575
2374
12459
6357
6604
6806
9952
11649
4923
9054
14281
732
8808
390
9365
1145
8075
9994
7391
3539
13976
5606
7913
11972
10949
8630
3803
180
13901
4487
6390
10330
2032
9802
11517
10180
7796
3330
3254
6412
13106
9936
3973
9841
7489
10937
1572
3633
6362
5340
2994
14532
10500
8887
9088
2732
2741
13757
1209
9210
979
11916
3606
14266
816
13681
7139
14409
845
5161
9997
1545
5506
8308
5251
3408
4425
7042
9650
13587
12631
2453
3586
11422
3138
2016
4475
7217
14457
11280
8582
14717
1414
14886
8619
12889
3478
12524
11095
5326
1286
8728
9976
3461
66
1488
9918
8162
6093
6617
13633
225
8738
6531
14058
3565
2599
13694
11924
9935
1940
5117
4211
11988
994
13089
7601
8468
2742
11372
6334
1655
6014
14685
10477
9226
12722
8572
12080
5942
11155
1591
1720
12473
2395
11248
5615
13883
11353
9780
8075
12347
5620
890
8233
2124
10379
823
11980
5598
14144
6990
14255
7745
1533
7098
3067
10612
8090
2488
14409
11513
11188
13071
10716
9170
12567
14365
12388
1683
6385
14910
1636
6114
11779
797
11538
6573
4559
11674
4930
6049
8004
10968
9963
12195
10855
14814
7493
2627
2405
4297
10842
12866
9286
1221
4177
13501
578
13753
10270
9709
324
5436
14671
14021
8710
12417
10601
4873
12660
13438
5101
451
3890
7965
4454
3462
9496
5514
4310
11765
13296
1052
3808
10680
4555
8523
13863
1809
14240
10780
908
4677
11456
12835
10624
10799
5064
5876
7176
11933
14508
14657
2110
3842
6347
9445
10547
6612
12411
1525
3504
3127
2682
13065
11045
672
1453
3237
2902
10994
12376
14265
797
13520
13407
5798
5575
11145
11799
7838
4615
6460
4558
9671
6054
2526
4820
13734
9255
14327
732
2869
7608
13545
2198
6134
3590
3255
556
754
1480
5731
2136
13423
969
11947
12526
9101
14382
4938
11379
5901
12075
1459
2599
2180
9053
11730
12388
13197
12875
5337
6816
1249
7490
616
1064
13811
8064
8613
8323
2138
2539
6081
10011
8453
6176
9543
13554
8404
4649
14701
4257
1684
10506
6301
6682
13854
10539
8183
11571
13059
605
668
9246
5785
4599
6996
12345
9313
10822
13859
11441
8632
8110
8061
6483
14347
10777
1903
14643
12756
2859
3218
3390
10088
3587
13760
4204
790
6096
3763
6591
7867
3617
7767
14998
484
14645
7506
3694
3069
1812
6349
13069
14862
10689
8855
8859
6144
7223
9218
10794
3773
6321
11971
12580
13291
6193
2555
10186
2423
6654
6986
10055
12099
836
8807
10741
4449
7544
13423
2645
10230
9836
14757
11945
12628
14654
6115
10987
10686
5127
962
9307
11671
341
128
5679
6784
4983
2565
4940
4856
12663
8027
4786
5083
3940
697
10519
10630
11193
13555
1084
1864
2084
11782
6688
4770
10638
389
13802
10070
13213
13103
14169
516
13350
9261
693
8886
10424
10550
1825
5782
10817
12685
3563
1818
4183
5952
8726
5324
68
6226
8633
916
3976
5524
8514
6429
2043
3637
1227
12165
6007
14197
5858
13536
6139
51
10555
10660
9012
2055
7623
3717
11102
8985
9590
13637
7339
9113
10266
2923
10359
5390
787
13399
14085
8014
10865
12009
1757
3959
4150
425
4597
10041
11535
8247
46
742
8785
7613
2014
1929
10616
10922
14604
6813
11514
3937
13123
8257
10401
11803
5254
11143
6803
12132
10048
4445
6037
4254
3036
10191
3282
5837
875
844
4780
10996
2169
3829
6929
1001
6620
4049
8012
744
7231
7147
14187
2680
782
6893
10101
3001
11439
11250
4632
1902
212
6574
7029
7907
13148
346
11533
10007
12003
12947
8832
10971
712
12840
13489
11663
6639
10140
8636
6983
6449
11673
6092
2150
2516
663
14402
10919
12799
9929
14000
11903
1153
5965
14318
11589
1663
5822
1695
6864
3000
7243
5862
6758
4985
4217
8660
10624
2530
11460
6315
2211
11896
12444
9649
11611
12165
8553
4297
3137
9281
13399
8356
4387
5574
3694
11318
13119
12263
1172
2548
14685
3240
5225
8792
1541
12163
12243
12379
3611
417
5467
9515
4071
4160
5308
6313
908
9333
4796
1781
996
8034
7051
8960
901
9357
12372
4844
2087
11992
1587
8936
6850
209
2820
4563
8967
3178
7560
9019
171
9139
4779
7250
12550
5247
2977
85
4183
9050
6367
9378
7561
8531
5989
1335
2462
9112
5842
11842
8739
6620
2380
2760
8176
5134
13378
2911
6516
8639
2242
8599
4019
8034
14354
1775
7817
10399
8869
1598
8795
10488
1616
13403
13819
7939
9704
14385
5168
8444
13628
13999
10906
10614
12843
68
13676
783
7007
2942
1194
670
10855
3307
9247
13024
5127
14223
535
4890
5800
12914
13982
736
2726
559
7468
11524
1800
5376
11744
11521
9298
10221
6840
10651
12956
13477
10558
152
985
13581
8811
248
10469
14358
5887
7315
12755
9142
10402
3234
2747
13352
1568
1138
3535
7240
9892
7910
11169
12440
957
2535
10509
10727
3505
13866
3293
678
12600
13555
1757
9846
12704
10440
6862
13042
4758
14994
9714
14229
5413
7381
663
5597
1838
14000
13416
3965
193
14958
11877
2155
10108
4883
14442
9200
6972
11152
3462
10632
9522
4017
2984
3432
7686
2884
10887
7338
45
12842
3365
8702
1931
7689
104
11878
11750
8463
9403
660
585
4083
10570
10100
6789
8396
7331
5980
3288
11909
14107
1480
2105
9569
7086
5019
13383
2260
13253
7052
9603
1074
2521
3896
7465
3542
12294
10255
4590
10868
10593
13140
11370
8840
9046
8879
13353
3128
11798
10852
6900
11819
3847
5277
11664
9381
1613
11495
11094
2694
4058
9740
14035
7792
9325
10180
13018
10805
8972
2420
10399
14241
10227
13240
12104
10193
11915
14059
12959
3001
3277
5132
2517
354
5053
9711
9809
14980
4087
14959
357
14311
14502
8535
8034
2572
347
12329
14276
3987
7842
14607
14082
4847
14847
10436
3616
9006
5352
1539
11991
6884
3903
12363
12143
8149
4187
1602
10375
8317
4664
4913
10154
2809
11733
10968
890
1051
4211
9867
5663
13829
12961
5281
11663
12137
3871
12082
12346
9350
5407
11988
11704
3977
9789
6914
11601
6134
6155
10472
5767
3265
1977
13824
11929
12371
1714
633
4164
10426
3129
13669
14411
1617
7454
5113
1431
2704
1972
8894
11968
2779
2774
13226
5062
12365
5024
712
8263
14871
8446
2367
9282
11243
10395
12766
2946
7412
2169
9918
108
2164
5496
6049
6439
4505
11846
3762
10177
8125
4831
4610
3719
8132
8428
3601
2114
8338
167
1596
7902
9792
13012
12148
6602
5410
6327
13857
13923
7004
3987
7243
12512
1493
8993
7619
14154
5299
6865
14382
8621
2901
9897
14463
14339
6218
3276
14171
8340
12337
12861
6549
5794
6997
2879
4605
6255
12729
3414
5383
10579
9054
12504
3691
4197
4220
6157
13441
6191
5365
3465
12758
7344
8724
11223
1280
5048
7996
9185
10379
10227
6574
11203
12089
8185
11575
180
6427
1253
7364
8999
11913
10887
9600
8001
3606
9884
11459
6507
9060
3220
5075
10927
12649
5547
11066
12736
679
13452
6892
5421
8039
14944
470
3208
10471
7408
14182
1435
320
3624
14242
2404
5433
6520
12606
13428
2548
274
10642
12245
3602
13951
14374
7516
10991
13485
5288
10824
3253
12592
3178
5121
3756
2827
5066
8813
12220
6715
13184
1090
8240
7244
5141
8568
2652
8230
244
14459
7130
5448
14421
1186
13419
2870
5459
5814
12190
6135
10340
1599
7590
1165
13873
1735
8543
6801
4708
4674
7016
10331
10366
5293
9286
9016
11443
12710
11622
12183
13473
10949
13444
5814
2157
7881
1135
3000
8286
13871
14285
4704
3896
10773
9477
12542
1986
7796
1816
12934
12807
12245
7192
11488
10809
9775
11218
1489
13486
13770
2755
9578
1983
6280
10632
13228
14914
1864
14718
1558
6002
3320
12070
1940
7463
5892
3426
11996
9471
7343
7771
14340
2199
13112
6279
2407
10263
12108
2049
4959
121
4813
6335
7758
464
3996
3201
6817
4595
10812
9832
14942
13042
4389
1914
7822
14138
6381
4543
8156
6100
2493
5595
14113
5527
7797
8448
10935
6841
1575
2046
11938
36
5005
2981
1
13795
12787
3719
10733
8711
2750
2103
10411
4253
1645
5942
6609
8037
2331
2998
6897
2359
13236
8210
2898
9200
8280
12622
4505
1366
10123
2700
2306
14470
7320
9184
2469
13163
4988
11530
13187
4942
5085
12005
8447
10634
6139
7814
14979
5031
10121
8446
4429
1268
3011
9616
6340
13060
6607
167
14589
12116
8114
11542
6144
3129
14652
10596
3895
5892
4377
7912
2393
3465
10661
14708
14703
7632
9530
9533
3811
7420
7490
10139
2326
14101
2506
11512
3728
6522
8312
10700
8856
4465
1497
881
7221
11657
8082
4869
14614
14942
13104
8118
14666
13819
4293
2167
4624
13460
1175
3169
8412
11289
12058
1217
6115
6443
6503
11351
4562
996
9477
8675
11109
6302
2165
13227
14308
13614
3121
12673
11288
12909
8639
8709
8203
1852
4068
6563
11549
8656
12062
3858
14699
204
9441
6342
10909
4175
5447
3725
13742
11486
6305
346
2255
13758
14946
5610
4297
7334
9919
11836
9137
7176
665
1381
14799
7453
7576
4005
13034
10233
5824
8056
2487
7477
11962
6372
2497
13174
2359
4721
11490
6387
10805
11391
14306
3171
1175
8592
4160
11857
4364
12313
12416
10216
2914
5197
3372
12279
2011
9844
14214
14062
11868
1126
6346
14440
10860
5890
13747
7427
1177
1956
1712
4481
816
14804
10986
12157
1595
9319
5471
9201
2817
3540
4991
4049
12250
7285
1672
37
7605
4093
2736
3789
5900
1609
5348
11267
1801
1457
3648
5976
12636
10886
9183
10006
14469
6977
14350
1823
6314
8998
7269
3141
7539
4826
12273
11368
4091
1877
1438
7058
7333
10012
5371
10898
8779
157
5409
8335
5634
1554
2461
13706
801
14257
9879
1899
11480
11016
9328
18
9568
7958
13931
1378
4653
11712
12549
10648
9488
3945
7104
14140
11730
1666
13831
8648
11813
1236
4297
9361
8581
8533
10112
13388
13671
12697
14625
10297
5557
6576
10543
1672
11951
6684
12210
7691
7520
10634
9505
12695
2957
7996
10146
10872
9330
1633
5696
710
13253
7740
9368
11141
6516
10951
11228
12473
3221
13708
6520
14141
4086
603
3118
5390
10570
10257
6441
6878
1222
6573
11175
773
13705
5262
996
10984
5260
5693
5294
1794
12694
12007
4321
8061
12027
323
13066
13290
623
3986
894
14475
13991
1771
10961
4464
14990
11795
891
4110
14303
581
20
13250
9549
7651
678
7170
14137
6566
9158
14052
1323
10932
8617
8122
7962
7274
4484
8540
12257
9193
7085
4062
2522
6698
6801
4110
14352
14939
13056
10654
4538
1590
1298
7150
10558
11054
13667
12287
7078
9693
2374
8471
4656
4334
10653
12674
11746
1605
7999
61
3987
4372
6317
725
2863
7070
11717
4470
8578
13688
5929
3336
8437
12908
9261
10434
3804
3899
9637
5570
12633
12935
4797
3964
3977
3003
9876
8902
6917
10511
8861
1894
11547
7424
6966
4495
9134
14182
11499
852
13767
10217
14385
2166
5099
11214
9169
12201
1413
8792
9633
4794
214
12989
13419
4159
3148
8175
14180
6655
5819
1566
13066
8064
1003
8478
7757
5923
12034
7702
4517
7889
1425
3313
10014
7289
3218
13475
10402
12002
11413
1262
6625
7369
7366
10346
11060
1917
2836
4047
1510
7603
10328
9922
3527
2594
6059
11142
12912
11506
10889
3361
5808
11492
12042
6195
10067
7173
11293
15000
3289
1465
14219
11974
13429
12867
276
12806
9507
7397
9816
8799
11269
9293
14835
3655
12838
7191
14739
1250
4083
13447
2532
873
13599
4288
1902
1408
11731
6805
6596
5254
6014
3855
527
5839
9483
8267
2817
41
11897
1921
344
13877
6414
6733
10530
2339
11559
3946
11322
6394
11725
13281
9517
11640
4602
11833
3773
13172
1587
12178
5782
6582
8775
8600
13788
986
5733
6484
12410
7358
8088
5263
1172
10332
10467
7710
2098
12711
2180
11801
13273
14893
12376
14571
581
14855
10817
5810
10708
7084
6066
3066
129
3747
7347
8533
10691
4513
4409
3556
1013
7310
1851
9083
8846
746
12884
3080
10393
12786
12070
1475
9722
14283
9982
10910
12275
13708
5854
12083
1918
10427
6807
12784
14494
3317
10183
2991
10360
9453
12728
3758
1668
10152
6991
7337
9217
10016
4903
10823
5476
14958
10859
7309
2583
6500
5745
13477
2599
10023
12875
4457
547
4517
711
5619
5013
10273
8034
14261
12310
10565
293
539
3821
13465
12462
7759
14826
11403
7202
4688
12316
14491
10822
11091
4721
10407
4770
4850
9745
14259
13
1755
12641
14987
7015
3864
8607
12845
3351
9162
12282
13736
8759
1126
1902
4344
2183
128
7467
1235
5082
12254
8621
8518
9635
10529
14444
11765
2198
6140
6294
7303
6690
4993
7638
4583
9986
8777
2930
7325
4166
1557
12776
1097
6933
3782
7598
12668
5891
9790
9082
4975
9660
6463
5238
7493
3139
12147
13410
3228
42
3197
13437
1016
8914
9586
6188
575
4292
11680
14987
1892
6764
6631
10296
9097
14571
2932
9110
12948
10807
9867
3794
6149
12277
2124
4852
2774
1641
6995
5566
1230
13196
6845
10112
9510
12475
2447
6231
3728
5296
9991
11861
9618
7275
6757
8262
781
8946
3337
11204
2496
2663
3695
13313
5661
4194
13645
14438
12761
3893
11867
13843
14698
11540
5543
8812
6755
6937
5415
7407
2863
1226
5623
5032
4744
8555
12919
13553
1881
4100
11883
10481
5205
13095
6174
12234
6394
7892
10114
7157
11522
6952
14210
8906
11656
24
4693
13064
504
3212
3368
9022
5092
11578
924
8061
5316
1701
606
7619
2261
11772
7415
3811
10888
311
12599
10824
4656
8861
2659
9567
13050
5048
11066
10937
6210
14906
5710
7585
3902
2567
14364
8603
12855
14887
13346
12198
9768
8737
6032
8343
555
6879
3408
2157
3050
1094
14523
3608
9564
14661
6296
5318
7186
2058
2830
2216
5666
7996
7128
1936
14336
14677
2132
1792
2901
6803
5519
8148
3359
5501
638
11977
4108
13162
7640
5711
8420
10399
12546
7884
9190
2999
7825
10873
3319
13512
6536
13078
13989
14393
11408
9754
4716
12900
7369
866
43
13069
1651
14583
469
4305
1472
7019
8042
3919
8207
7006
14944
4301
13988
9394
3000
5219
12729
10801
10397
11333
4191
3020
7255
14504
5389
6166
14475
1163
10872
13046
9267
12852
12111
6298
12957
7738
2403
11835
2982
5858
404
13492
4723
10619
3092
14119
3897
13481
4291
5686
2830
9252
6611
8113
9204
5462
1191
12268
14365
1382
14499
7638
2762
2120
4658
13995
14170
2186
10181
3180
8642
1851
1939
12512
12419
636
5775
8868
14625
7379
10988
2774
14151
10192
7526
6317
2305
5477
13128
2258
11213
13026
10949
10386
2332
413
12412
14104
10028
4044
3646
4408
14009
9056
5514
6753
9003
5816
14316
2895
2736
3416
7980
5002
10767
8772
3115
9311
3663
1113
11080
13925
6481
7904
2293
303
7045
8855
946
13632
1983
14424
9904
308
12132
9485
14695
3954
11726
4844
9071
592
3215
9771
12428
5156
5558
3160
9162
2455
5603
14166
6653
6891
5156
13671
8745
469
1823
420
8457
7064
14339
8162
50
741
3877
14820
3911
12661
5043
6860
5030
115
4611
4443
8843
7076
12440
10256
5517
10398
5321
10113
10604
10200
8905
2356
4243
8847
10367
5811
12289
12607
4358
2008
4950
3009
14137
2009
13421
9418
12130
3236
8381
3901
6964
4245
12884
5643
766
1781
2503
10237
14282
5077
14558
11241
9871
11948
5481
12025
5760
8128
4157
8762
13243
4384
7626
11658
13498
13530
3789
10143
4799
60
7028
9648
5460
898
658
12349
1747
3355
10615
3696
8540
8677
12226
2852
2170
12979
6435
14497
10831
9436
11080
10122
4445
5017
2746
13550
8767
14351
2897
9837
14944
1441
1402
11815
8485
6348
3741
12487
13206
14270
9122
9223
4454
6017
5877
14865
5079
12909
2412
2123
8924
11434
6034
13188
11583
6532
5614
1163
3817
12477
13866
11283
3964
10605
1274
3822
14040
6041
12856
3368
8406
9038
3451
5961
7489
9434
4257
12612
167
6666
10887
2683
520
4608
6102
2423
2072
8377
8616
2209
6395
5839
11551
3480
7767
13200
4373
10099
10379
10450
9258
6897
8437
4108
3440
6951
9349
2176
11045
2270
3650
409
8715
11101
14811
8017
8951
7708
13208
7215
13884
1093
2818
1850
3705
4231
7389
4184
129
7099
6960
5692
4224
8731
9421
823
10127
7919
3145
5670
4205
6026
12393
7454
13476
14964
14424
5574
14803
11534
88
9189
7567
9444
8140
595
5266
4279
8211
13188
927
8694
941
12278
10089
8978
11523
7165
10983
7985
7240
12351
5715
8038
14633
590
14495
8512
5124
8655
820
13145
13005
175
6685
1654
3569
14562
13007
3886
1329
6115
4354
1239
8524
3050
1411
6085
8005
9664
11519
1264
4662
1455
289
13284
9078
14275
13782
5656
7982
4856
11339
754
4728
3090
12640
10595
1978
12676
5097
14245
13806
14047
4854
11868
12030
3990
138
13317
7128
14398
14766
4424
3168
2603
4375
7060
5663
7046
5204
9063
14582
3052
6459
8891
7938
9890
12808
5444
14773
13447
5526
4561
2108
5105
10421
449
13885
7951
2305
8204
9710
11658
9218
4957
6151
501
4275
9989
13387
11281
3535
13724
13160
4788
13809
6405
3974
11990
13885
13409
6504
12227
11257
4840
414
4698
10928
8167
4951
11102
3051
720
7436
1783
11331
5279
2200
2885
7991
8570
3245
2050
14058
14479
9271
4384
9944
2855
3240
9391
10749
1972
5012
2944
989
7400
3311
8679
7719
12199
14561
12355
14539
4290
939
13045
9975
9329
2055
9669
641
507
10379
11196
1801
10302
11082
3654
9256
2371
2413
6415
9212
94
7594
5789
4514
5309
2493
4810
14667
11767
11396
7766
11171
3242
14999
9931
2383
9014
14396
2431
874
8212
4165
652
8530
8092
8970
1320
7492
7959
13626
11127
9325
11802
11967
7014
5193
14176
6990
13340
16
12719
4902
8364
9565
13334
6160
6134
7126
12446
4697
2609
2597
7872
1810
5498
12435
505
8384
9479
3358
10346
3630
6184
14304
577
2416
6515
13175
7081
13853
12950
13929
1
12486
2886
5789
3417
2188
8041
2458
3310
2854
14523
116
7631
14023
4025
2933
1414
4535
14244
14403
3215
2627
7241
10210
6427
6896
5858
8960
5364
10147
13524
11050
7469
7886
859
1976
8509
10172
9762
5509
881
14806
6953
1081
4595
4639
8498
9502
12696
9765
3979
13888
12773
14145
3767
7753
9574
12179
11037
1082
4720
11985
14844
5032
2692
11202
7421
8149
1523
11156
7548
744
11268
804
5273
12739
6684
10494
11238
1260
12339
11982
8776
5634
3042
13708
11624
3531
7105
1804
12597
5207
11812
13719
5083
7708
10328
4883
11128
2912
3528
7429
8212
8404
7555
2313
4804
8294
7172
4879
4947
9938
7582
6954
7875
6277
8046
5018
5226
11639
11303
8492
12113
10848
14618
7035
7234
7927
6143
10131
5842
11172
12505
3424
252
2422
13046
2529
12494
3938
9380
5208
14504
2868
14006
2051
7700
9171
5887
8043
1661
3925
14922
6357
6468
12306
12486
4159
14587
5349
11857
7603
2655
131
2298
13729
2253
1158
1692
13264
7253
10013
2114
7605
5619
925
13996
9759
8382
4926
3683
9836
11500
13890
9645
772
13956
9486
9230
3753
9630
4768
9088
4527
2035
11337
13339
1993
13011
12050
9464
14155
10188
8182
2972
2710
4527
2810
3221
4969
4901
11423
6619
7709
130
6727
2970
8172
10797
8309
9595
12801
13652
11137
8366
10859
11686
8582
5674
10334
9076
14237
3446
2205
7777
4527
6135
11828
6931
12258
2878
10037
11765
12203
8793
2153
14272
4113
900
3513
10198
2994
4299
2886
1537
793
13514
13669
11343
4345
229
2309
12796
14658