14859
7512
14388
7883
9799
8072
6247
10688
9026
13533
14870
13451
13024
11188
4358
5504
2584
10690
1715
13468
12779
8443
1600
13583
2345
11149
8112
5183
10098
2071
504
13821
3997
13741
4314
1188
3351
12318
13888
5417
5073
8704
12152
605
4626
2647
1191
11366
6927
7097
14478
11509
7153
8840
8287
1986
14128
4672
5436
13970
11184
8952
2665
3729
9604
12300
11804
3714
260
7471
13848
5138
12488
3142
14044
5575
10360
11495
10634
12550
6036
558
228
9159
14085
9598
957
45
1798
3994
1018
5014
14842
12233
5397
3033
13376
12428
2371
459
13794
158
7894
922
9930
1162
8827
9631
3572
8722
1947
280
4986
8098
9731
2654
7780
9112
14227
1178
10381
2672
3314
11053
3305
3501
2552
960
562
34
9270
8471
14783
14157
7030
12050
14381
4043
9580
10049
12076
11554
3255
4550
9533
2974
6983
13971
4173
11765
14768
954
14754
8163
2981
6737
9246
3087
2551
13975
12272
1761
7478
898
3456
12895
9101
7798
4618
2215
7325
10203
10540
11670
8406
6301
1897
1323
755
11227
8422
6386
11946
1541
7850
1875
13231
3423
13419
1023
9256
5798
5673
2790
14127
12935
5382
7994
14429
2749
13688
8682
13289
3419
3958
4280
12568
3614
5807
10441
11894
3641
8544
12523
1088
6822
13628
3832
3413
10897
13814
5350
4054
6658
4493
11007
10441
8364
1510
371
2349
14623
10742
13308
10200
7322
7668
9401
12092
8619
5883
10362
14151
6236
8562
4190
3361
14232
7607
8395
8484
5332
3219
3511
12840
5704
7581
11525
4032
6359
8055
1313
8599
6615
9131
8009
12257
12835
7360
5501
6294
893
10035
3046
5425
1414
2256
5102
14061
8022
10793
5207
1844
752
9464
14934
13461
9741
1869
5402
5992
5274
7852
5040
5582
7985
5565
12452
10336
5886
2594
13900
2600
7627
11667
1870
10316
7555
288
14554
12969
1348
10969
13912
10789
14631
9431
550
13621
952
1377
9303
9525
8763
5534
3900
1092
14375
2657
10891
10497
3704
13923
4181
10494
7747
7072
6198
3861
89
4332
5950
4098
8366
4205
2780
5803
13422
2247
138
5287
6131
7055
10903
1486
730
5818
9366
504
5856
9371
13407
14888
9235
13104
10040
9770
10084
13188
5438
12518
5883
13857
14001
2201
11846
540
11479
13351
7928
3934
1387
14268
9286
6770
13084
2816
7632
6496
486
12908
10069
6898
1147
11991
3272
7147
1894
555
9285
9583
14340
378
13267
2855
13912
5788
5278
643
12266
10761
10932
13672
4362
12394
5374
13668
12427
491
13203
5327
3897
13201
3572
1714
7426
2145
14657
14289
1340
3785
3404
1371
1905
8865
6535
6000
7823
13750
921
4857
10163
14156
6829
2969
4501
14430
3281
12032
720
3129
4885
12461
11997
4142
7635
7580
10227
10317
8777
14108
8258
6967
1644
11126
10576
6738
5999
2427
2643
11665
8108
2505
11209
1088
10966
6877
6929
9567
9382
8395
5252
3021
6310
12074
13457
12903
12420
10340
14577
7389
11501
11726
1222
6599
14315
6927
6135
5130
963
6282
86
5513
12779
215
9931
5160
8038
14963
2479
7485
5751
14618
10958
3012
1786
13266
13959
2492
3190
7342
4398
10514
6604
3733
554
5887
8242
7037
9365
10726
201
7878
10768
11636
1249
14980
13263
11293
8046
7971
14937
6648
14822
4318
5644
11171
9191
6046
2949
12293
11805
8566
1902
8125
13490
10809
6106
6760
1680
2778
7038
2879
875
5905
3442
5237
11829
13198
4849
14685
505
2977
4174
2925
481
1993
5178
11546
10218
2681
14810
12337
13129
11369
924
6255
11612
5336
3197
12840
2081
1579
1041
7725
1758
4877
1300
5544
12582
7428
10827
13
6986
709
10235
11725
947
10946
12829
705
5131
3300
6805
9023
3539
8502
3681
9414
14953
4004
14278
4082
7909
5674
11173
7104
15
6124
8590
8925
11436
9952
14526
11286
4411
14400
10799
6262
3924
11880
12298
14493
4428
2072
1844
7600
10407
3108
10263
10608
3961
14034
6528
1517
5061
3623
11394
8910
12307
4522
494
9518
6944
6222
2089
3934
4555
5153
3692
12652
822
13804
10854
353
5465
7408
697
12710
14288
12883
8527
11062
1475
3581
9293
6236
9776
12714
13253
2281
8811
14194
11703
1998
5824
6153
9261
8164
463
4043
13798
1355
814
2039
14783
23
2207
8943
4783
8289
5320
7764
4753
2253
13254
10239
11143
10192
3378
14409
3364
955
3642
7824
4641
2089
13643
10186
7248
4320
1670
5364
5170
1268
12724
8697
3557
13538
13091
14741
9783
8363
10926
222
8648
3170
6592
7269
14361
11290
8630
14173
568
4047
11297
5926
5843
12415
9259
11782
6993
13961
1706
695
12259
9918
224
12469
12459
10890
11627
7048
4817
1793
13355
3876
6638
9624
5733
10663
11341
2281
2088
3518
3604
7411
2560
209
419
953
768
6247
11560
8731
6092
11010
12934
2041
8012
10738
7004
1727
14786
7784
7232
10055
7061
8358
7348
12535
11159
949
12610
2644
7140
11982
7016
8913
14216
3136
2615
13415
13290
13773
1445
8511
4036
2899
7249
6637
9670
11296
11806
3773
5257
13259
9465
1231
7946
493
10855
2158
2766
3373
1018
13465
10144
12759
13336
11315
12743
11465
621
1875
296
14543
7669
5161
7004
3642
902
14154
13665
1132
9368
13995
4584
14296
2313
2445
10144
12344
10141
10452
13142
2878
5944
11582
3583
4264
13542
1735
10498
2021
8129
4547
6803
14120
9314
2728
61
8595
1459
1044
11970
8819
2612
14061
7380
4235
13337
14130
8199
14165
10183
11816
12783
12851
13171
10790
8749
4876
11931
2365
792
10679
5482
5810
485
3846
6936
9589
991
1484
8452
10489
11733
4563
5540
7320
5008
13174
11268
2572
4653
4124
13288
6217
14866
1788
13934
11580
13584
5121
2684
14179
8198
12791
13169
2269
6023
14392
4845
2897
10267
4376
9991
14065
14782
3295
11339
5026
2202
6020
736
263
11746
2866
3626
9681
10430
4233
1747
5557
11816
2102
1816
4038
5988
51
14762
11858
13461
6316
5288
9882
8873
3639
7087
9166
2564
13358
4034
9640
9138
438
10717
5847
1736
5228
9487
11129
7013
10462
6371
7596
7538
6155
10392
13061
4358
8354
3711
8192
3212
1270
9934
5548
11214
7669
13608
5528
5578
11967
6660
13456
12340
2280
5711
8596
7920
6510
13420
6434
12162
10318
7319
5349
10192
3164
10194
13469
10217
10948
651
7991
13586
8013
12312
1301
6039
3340
6092
13936
2652
13312
14257
5864
82
10486
683
2615
1340
4793
13173
6920
10189
11855
14522
2743
14716
41
13709
4347
14082
6136
2104
4507
1637
7116
8593
14792
11166
7537
11269
11735
1847
1969
1665
5060
6947
6174
338
7955
7984
5227
6765
3035
8523
3660
8383
2475
14921
7881
10133
10844
5635
12625
5016
9681
1309
8696
9031
11685
2867
9310
3446
9900
13064
3276
11291
3617
2694
4197
7211
934
9885
6898
10653
10274
2000
10942
1825
11334
2838
10470
9412
10958
8096
11367
12609
1811
13584
8060
12227
10737
9059
14907
11509
821
11862
7949
10244
2630
2540
11665
3755
778
9178
14158
1057
8940
3770
6369
6975
1849
7836
6146
10475
4345
5174
10637
12504
6887
242
10382
8038
13016
10600
761
7680
2734
6063
12149
14974
9137
1511
10626
1180
2632
10812
12627
10921
11947
1995
1946
11101
8860
13497
6051
12475
7074
6437
6456
12272
12836
13353
1838
8737
11574
4397
6802
4385
5212
1218
8577
12451
11836
2880
6944
5546
13154
894
12558
14969
14732
285
10409
3068
12337
12825
3626
131
10686
3749
483
12643
8549
10915
11654
3316
6594
5783
13847
2569
9762
1624
2968
11219
8570
6936
10073
11483
12270
11498
221
2102
5727
3482
13327
2958
4474
4730
9813
7248
7426
5559
4788
9759
9138
1371
7806
9860
3388
9507
3140
4709
1060
1384
13596
7507
14788
12285
9477
2241
13444
8286
8703
3511
12848
1751
4879
5420
384
14211
13387
984
7724
1644
3666
14270
7078
13846
2965
10217
1761
5964
961
4356
6259
1932
1287
12802
4711
5917
12559
14349
15
7014
6768
9779
2215
7824
3171
2866
10820
1424
9764
14357
8322
30
748
12817
5253
10867
9981
12030
12013
5517
9473
2316
5108
14641
9946
6760
1074
9974
4406
14738
11397
13825
8378
14654
3324
8281
3137
5054
367
4053
1590
5597
3427
11721
9104
3516
9155
10005
13353
8796
13235
13320
10917
8161
922
271
405
2407
1839
10296
6982
4859
11472
13372
10424
9966
12343
11217
6716
4933
14903
10984
6638
6839
1576
7831
8618
888
8368
13057
4523
8427
7774
8022
2851
1972
10936
4115
13823
4079
2673
14408
7995
1839
6076
14122
8458
5791
10676
11421
11393
3159
6727
12411
9604
7031
6445
14282
12289
10063
8517
14839
1385
257
199
7819
1190
6628
11669
828
13171
12143
502
1797
1127
12571
6465
5281
5046
6223
294
7519
11655
9723
918
4683
9800
1238
444
1187
3205
158
13019
1166
11090
4391
8543
3679
14639
11169
3662
14535
3570
13777
12367
6860
13023
10541
12641
4863
1306
6811
1513
7037
13491
11355
8721
8570
12495
4129
8761
9424
2387
12147
2399
4223
8257
2489
14024
14448
6167
7907
6995
6914
9170
4637
14984
3521
11276
3655
6024
14407
13691
11476
14784
9827
9553
7935
4790
11193
9607
8452
7813
476
4738
10675
239
4431
10925
13701
7233
489
6451
9299
12038
14455
8916
4416
3984
4150
5982
1220
2689
2595
10654
9605
12484
3582
688
8898
5356
1599
10869
4156
11056
12455
12802
951
2740
5534
7454
6378
11024
4394
1829
1628
10176
5291
441
13255
938
13629
12563
11592
2228
2196
3170
11802
5266
2309
738
4064
11018
2080
566
11910
6970
9991
11320
12244
6
7897
11317
2765
6225
12724
13176
6938
1055
9520
8510
14102
13381
9170
2761
495
14781
7887
12500
2662
6718
6348
10266
14070
254
10158
3565
2244
4652
3998
4525
10977
11976
8520
6900
421
3802
14375
13156
14527
10090
14580
10327
3412
4401
13938
7059
1286
446
11752
9978
11340
6581
13894
4779
1347
6479
10476
1618
6554
7058
14040
13604
2406
14911
2946
2206
2127
9393
1087
12296
12774
8390
12194
11909
8781
4866
12038
10591
4376
2574
11842
2869
9854
3821
10617
11108
9300
10439
14842
11980
6879
10721
1059
226
9322
537
6288
13518
2548
3478
9126
5771
11627
839
9896
14937
5377
6356
3881
5656
12457
8099
10894
3500
11256
5108
12814
4402
1678
12380
14246
9919
5372
6587
14055
9138
7562
9377
12294
12185
743
14912
9325
8315
13757
5681
12078
9890
8195
2593
7773
90
6278
2211
12833
14533
14760
9926
2021
287
3270
5789
13732
9442
1315
9223
7428
7249
8166
14056
7276
3031
8615
118
2359
9187
4151
11954
9853
2226
5761
11582
12935
12327
6829
8934
4582
9193
7534
14560
521
13726
12041
2479
10834
13920
6934
3461
5964
12027
8208
13484
2435
1044
10388
13998
6320
10672
1593
141
9930
8076
2051
13394
2294
12159
6435
12975
4824
1440
847
8155
11513
10500
3766
5918
11451
13176
14066
6821
9389
3265
1225
11176
14770
2579
847
13758
2992
9050
12375
11534
3612
12886
3117
3150
449
14440
3492
13447
11340
14247
1073
9052
727
1471
10467
1206
1390
9743
13984
7077
1077
3906
12950
7079
9438
4462
1339
13721
13087
8517
12802
12177
3654
9159
11780
908
8991
14186
6035
634
6428
1123
3183
9081
14789
9264
7266
6647
6898
11557
7962
7107
868
12556
8896
6506
10056
6999
14115
9371
1284
6815
9854
14843
14455
348
11593
3377
6785
12744
894
7066
3053
3922
5514
2790
723
10463
3261
5026
7198
1011
9145
7584
4607
10705
13618
8164
997
12281
9762
397
416
12386
6896
5770
11748
10849
14256
762
261
14884
12892
9756
10459
14000
4309
2832
8049
11784
71
14250
9983
11310
140
6478
5019
7305
1295
5970
5745
13531
9978
3969
4152
12510
3911
2532
4979
13593
14720
2967
14549
4109
3495
3255
11496
3447
29
9410
11979
3170
2327
8221
8104
3656
14782
11730
12357
12247
531
12436
12041
1373
7704
11836
1780
7911
9711
7044
10240
6254
13611
14515
623
2704
1848
1306
11926
7899
11592
12534
13976
685
4296
7157
800