7108
1142
14193
11648
8627
14109
14889
4138
8485
13190
14018
13621
2914
6173
12648
5320
6036
3756
8038
9202
11071
164
6863
4889
949
6209
5074
3836
9613
6607
8658
8248
1195
14894
1232
11713
4754
869
12745
7134
14273
12516
2705
6857
10448
14571
3846
2557
4926
6924
13098
3010
2392
8937
12925
12574
3590
13357
14709
2143
9890
275
5039
1223
1020
8036
3728
3854
2248
1205
1699
8001
5480
8088
3453
13689
12201
9698
14505
7250
1549
7857
3669
11719
13448
1427
4422
3141
12332
11851
7301
7462
5857
4464
1915
4524
7487
14016
12606
14950
3624
9888
919
12764
8803
3355
7928
13262
9518
5221
1236
9597
11972
6021
14460
5477
8407
307
7765
1242
357
14005
12078
14826
7425
3267
2450
12214
2049
5228
9841
920
1037
8768
4160
2775
7904
8200
1053
8941
10139
11287
8165
4073
12240
8264
4261
4718
3870
11390
7144
3158
10849
12949
3400
11495
4524
10413
9175
14710
14954
11681
9116
11569
2459
4923
5244
7300
6183
7637
13446
167
4263
11136
8211
776
5655
4506
5207
1148
7185
6469
59
14602
12799
4314
8246
14916
3593
4762
5713
4913
4103
318
8865
174
9344
2782
11151
4660
13761
8054
6614
6643
12129
12278
12608
1558
7656
10929
10822
5872
13021
8939
4380
10155
12965
5224
7681
13914
7775
14975
8796
3753
14566
11014
1627
7761
13172
6800
2409
10828
1161
12185
4490
3776
14743
5826
2038
6310
12452
806
620
7196
7408
5438
2464
1281
9568
12445
9015
9450
1174
5208
13865
11895
14365
11183
11284
1236
5326
14074
4380
12875
966
12467
10963
2590
11171
211
4048
13678
13082
5254
3700
12114
4722
8154
10291
3759
8350
2281
10382
842
1413
58
2155
4357
1117
10038
4694
2126
2775
7322
7401
331
8841
1868
1828
8093
11759
9046
1718
6882
1829
8631
2331
13456
11130
886
1786
3013
2001
499
5465
9320
1818
9271
14841
12398
3729
12500
608
5433
9862
5913
8746
11255
8486
12877
5609
13106
5742
10833
14758
13119
13480
13346
14340
9407
1469
9939
3837
4464
10849
7855
11191
4252
8391
594
4181
9298
9090
12491
14727
3393
1102
1154
1528
8496
1826
7289
14925
4933
5267
7591
1218
13368
7234
3356
10080
5885
13239
6330
4977
10739
1108
6675
4702
10939
10933
63
4162
4810
13147
14810
14209
7184
12352
4732
7384
1561
10077
7598
1113
4516
5453
5854
7427
13571
12559
4399
11065
12030
419
1205
10301
7305
7994
13310
6266
14567
11045
7881
4299
1552
10361
6139
6618
12752
12388
2657
511
8425
3336
3568
1639
7453
7232
6706
10288
5113
11489
289
11014
7204
4227
9692
1768
7611
11130
5258
1457
7385
8276
5814
11549
2958
3957
12143
4162
1598
12890
6364
9507
1856
5992
10704
5956
3667
4388
6828
8418
12657
12546
3583
4961
1685
12467
2165
9990
63
4457
4345
6296
11059
5825
6197
10748
11259
809
5775
3053
4175
12899
11537
14210
12982
12993
8580
2090
3859
10459
9210
10969
5419
12271
4991
14691
13943
12043
5859
8709
14157
3290
1044
8352
14665
5531
1465
713
1737
8862
5026
11251
4526
13226
7155
7956
11461
10900
7152
5142
14918
2408
6196
13012
7912
10063
7406
7934
5442
4430
8986
2651
11956
6973
6529
14296
10211
3022
10275
2896
6008
13336
923
9366
1159
10006
7803
4139
892
1026
10842
7417
7933
666
3810
8269
7725
8846
8423
12662
8448
12815
7835
9827
10950
28
5751
14687
13452
10656
7857
7636
8140
7844
14090
13354
1097
3472
77
6604
11047
7780
3802
13768
710
2083
4113
5304
1884
13184
5874
3541
9305
4380
9124
9870
1939
338
12311
7689
9873
179
3958
12515
12979
5298
14511
11215
6456
13445
14894
3084
4246
8312
2257
13013
10106
7575
763
6418
12481
7609
1808
1687
13533
11861
10605
3886
9244
1781
483
12692
2029
10465
6218
5988
11122
7359
14904
10415
1245
6820
6681
6389
3282
7177
12663
869
785
14033
7801
9026
10762
6799
186
892
9309
3233
3532
5498
9943
2426
2433
5240
1756
1182
1262
9303
6871
7013
787
4283
4937
11610
1585
567
13202
8330
4311
8259
10781
13246
4678
1960
7785
12524
14235
1658
5465
3622
2760
8907
2433
2737
11571
634
12550
7370
220
5901
3671
1473
1158
12816
14255
10242
10655
3223
2870
671
3825
10422
10216
7432
2979
3070
6079
3967
12056
5150
6083
4646
9949
6767
11631
2966
13210
7332
3878
13275
11031
5273
2587
543
6834
4430
6628
14812
8338
14850
322
13586
6585
3422
10487
73
14376
6802
9186
8161
5556
5248
10045
3704
7698
13888
11754
9454
11908
11768
13460
10787
10551
7764
4539
1381
9533
7048
13347
948
11213
7198
1090
5840
11665
9364
7219
5330
14255
12690
7103
6966
10569
10350
6140
10178
2196
6997
2603
2503
14096
908
13041
13135
14967
8773
10861
9483
6544
2610
14344
3311
3051
7434
4030
8363
13068
9217
5330
1109
4710
7986
3672
14933
9935
2285
13741
12638
6688
2723
8312
11394
316
8470
4055
14535
10768
3236
13230
13349
13685
6047
1301
9356
11329
10424
6278
2449
13522
1454
11255
7798
8508
7673
12867
880
12245
8357
13253
13422
14524
117
12416
3006
2622
3109
14572
12932
10508
14032
3631
32
10894
1698
9980
14714
10140
6383
14832
2876
9945
11760
12485
14844
3631
6499
3517
12277
11671
8381
5758
6056
9125
2523
13104
2386
12937
5918
886
4749
2198
8627
10457
1996
8691
11165
7199
13992
1335
14095
2917
4844
1326
14681
14268
1443
941
8028
13416
12868
13684
5818
3677
2542
12140
12383
5258
4864
7770
7668
5804
14333
556
12652
9121
10200
8915
7384
792
2389
5011
7153
7154
14380
3890
13021
12064
14081
13292
12905
13456
8185
11732
2733
1224
9308
11504
11767
13072
1824
4906
1340
5073
9140
1146
13856
13829
4991
171
14016
599
161
4879
7595
11324
5387
123
9026
9772
6981
6038
6711
7853
7048
6215
1959
11208
10216
10005
8489
2196
9430
10919
6223
7998
14159
10660
837
12059
13810
6375
6861
6465
8680
14321
2454
5545
13192
8046
3218
5073
12433
8487
5165
11008
12943
3243
903
1110
3153
12736
9957
12269
3796
13301
3040
14104
730
367
5316
11474
1696
8485
7225
4898
7369
12395
8950
9337
5188
10942
2022
13077
14315
13682
9195
7629
8079
10221
13376
11117
4519
7114
9095
5436
10379
8392
800
9922
3226
1433
4517
2776
5964
11347
9616
9990
7199
9363
2217
9948
8844
12283
7139
1189
13805
3566
14955
8281
7164
13681
5311
7463
7114
5911
13160
7553
5676
1077
6085
8003
6697
10127
9057
4926
13597
14741
10273
9267
13642
5598
2713
319
3048
14765
10915
932
7362
14537
7850
3497
6121
5846
3186
13559
8937
2257
11662
14957
6561
2579
6878
11213
8965
9676
966
7511
4519
6290
7227
6525
8366
160
11144
3052
4834
9024
2602
13870
11470
2442
9324
7613
2274
9607
436
5327
1831
2694
4244
3710
12489
4489
12732
426
5206
6589
10917
10397
14897
11915
8874
9426
8076
8908
3681
14638
14189
12169
2184
5958
11188
9098
3578
1465
1524
9857
14921
3134
4532
11765
13374
984
3853
9610
7972
4343
11174
1000
2945
3928
7957
10326
7150
14033
8251
8956
1515
5383
9915
7766
3064
9071
5307
11621
937
13414
8993
11249
5521
6783
14208
1789
4223
9667
11477
1334
6064
5992
6064
3775
4390
11915
11131
2114
9562
3265
7922
12645
6082
2631
3890
13195
9496
4369
4493
4472
11969
10512
6405
11584
11360
2247
10434
3018
10239
11568
6772
13794
4550
4093
10874
2007
9873
11352
6455
5798
14160
1903
1027
5193
7644
11222
10653
9069
10734
9050
3949
11432
6434
6591
4295
12842
7481
2869
80
8556
14836
11156
9974
11587
1690
13969
6675
14303
12776
2574
1022
4901
3700
11012
5535
7322
2261
3312
4108
11960
2364
5109
7137
9754
11723
11728
8536
12724
13047
8429
12632
6515
9578
6091
6974
1531
8438
13440
9285
8490
9069
4312
3574
13997
11629
2409
12223
7293
7132
6247
14276
905
13427
6698
13569
5282
8706
1554
2368
14403
10069
12923
9978
7204
7822
11477
4080
10113
4100
12044
6407
9573
4316
6283
11535
7761
9572
10234
13388
14720
11183
7932
6228
10107
8002
1019
6154
14310
2366
897
1094
14425
7242
13973
8353
2229
7044
12012
12343
10436
1099
9726
4968
6586
14401
2905
6062
4041
14719
5427
3170
28
8575
3920
6664
706
13129
3977
3785
3869
3207
3516
4807
13522
1410
3671
5568
2386
2594
7648
7464
13342
8215
13774
2229
10447
673
14448
9671
783
1449
14639
11993
3659
2475
10222
12700
8230
4842
4411
4633
2494
7816
2958
2878
12556
4092
5196
10277
8505
9467
10184
10713
10087
2403
9382
10762
13984
12772
2883
4267
5146
10556
174
1572
4760
13414
2993
8012
11940
7737
9576
10195
11104
11255
12346
6242
161
7565
2398
3621
10564
3532
10120
11630
11121
4005
14830
6962
4496
1023
9831
14356
5472
7291
13442
10428
12244
7746
9240
891
13975
12963
8571
1804
7529
7400
1367
6896
693
4
3863
8905
11106
6854
1846
6364
12459
2618
5530
13883
6476
4225
7114
6995
13340
6208
9605
2683
2476
3661
3994
12143
4820
5511
2311
10477
1692
6478
13521
5443
7673
2209
8540
13660
3638
14898
13001
4232
14347
9534
4873
14818
11530
4148
4228
5853
12714
12363
13612
9072
6476
4885
11457
5038
4278
497
1258
2854
1148
3056
6996
3769
6948
4007
14705
10563
3120
14924
49
10044
5012
5011
8658
907
9560
5913
4790
4284
3372
8298
9042
11137
14069
2554
3819
13741
136
11164
5470
287
875
11972
5976
12304
7873
14886
6237
13253
1113
2080
10552
2089
6864
13034
13648
5103
1580
14767
3105
1496
2684
5446
6312
10728
14680
5384
10109
11557
12435
4410
6242
14262
6532
12876
8289
1374
283
2250
528
3083
2493
10585
7785
2953
11602
12292
13330
9877
13148
7886
2978
6361
7352
6449
6826
7533
14230
2311
9081
4316
6733
11646
8236
1421
14045
593
3103
9788
1449
13954
10797
10678
10003
9797
10590
9989
1282
1382
14139
2138
1216
9499
14090
8768
9541
1861
11904
12212
13898
27
1310
5667
13568
4110
12376
11361
3039
7430
10290
4012
13864
14120
14670
7698
1099
1885
13499
6516
12281
8194
12091
2540
14451
8803
6995
13809
12093
10405
8364
8224
529
7520
3091
2418
11440
6196
3606
9828
1906
2009
11606
11280
3071
3632
14122
232
8067
1776
11579
4208
654
2835
3722
10903
2278
6289
334
14000
14370
2328
12156
5581
11290
8040
2698
9828
6708
1763
13588
5196
3953
591
12680
2917
7025
12728
8807
13513
13176
11760
11263
10961
5003
14267
2975
4904
3112
11190
9410
12440
10379
10584
8147
7650
17
10439
673
14695
12054
8700
10569
14756
12447
163
13466
7459
1849
12317
3071
4848
3412
13749
13141
11211
13057
11405
14434
2095
6535
12881
8736
14533
5818
2564
446
4288
3779
2726
331
2575
13522
4282
9344
659
7684
10230
3792
6572
2628
11032
3752
3964
11124
3704
2623
10781
11506
249
7821
11829
1973
6859
12185
6877
7996
495
10614
14778
8400
265
7109
13690
1754
5439
10236
4961
454
2580
12704
10078
12564
10767
14953
1645
1622
10153
402
7820
3651
7775
7340
6808
6359
1838
9121
4865
10561
6045
4017
11295
8021
11928
2833
4310
9859
13054
2771
8461
13429
7171
11090
13676
1020
7388
6318
10153
12549
3594
7273
9648
11335
13896
13005
3110
8581
8809
11544
7172
11194
8155
8388
13493
11835
13005
13531
864
12994
2543
9524
808
6705
9273
13005
14562
2545
849
8275
3851
6804
13357
9160
9029
1995
3193
6253
10990
127
10344
6008
14556
11517
5258
14493
936
12085
14415
1061
9082
13279
39
4004
8054
7976
10671
7181
1625
4122
963
180
5138
213
13306
14105
12686
13206
3252
11727
3407
14962
12037
10209
13640
2619
469
4925
1787
10070
10414
4788
6494
10753
12158
5527
6303
8769
3288
873
424
4689
5369
10240
14102
6569
9125
9504
11418
2271
12069
4677
3130
1759
13471
1132
12320
8643
5105
2903
11013
7736
14139
13714
7621
11218
14037
13061
1898
1065
7557
4952
8236
12690
1461
10696
8079
14831
8413
8313
9297
12573
5131
11371
3199
8826
14759
8966
4829
1497
12397
206
4368
13939
8114
14285
11993
4686
1661
4342
3757
9364
14043
566
5987
3772
7722
8340
3444
651
14571
9411
2314
12864
11878
4264
10118
907
13748
8220
13707
9307
4128
949
3735
13998
9135
7002
2601
14565
6040
4572
11174
2227
1150
8707
3940
14906
4582
1462
14214
11990
7014
8876
4061
11560
10932
144
7160
13846
1245
13642
5408
12550
8604
1580
13090
8812
8780
13490
5504
5890
13336
11868
10766
967
14476
10432
10054
6760
2342
3512
5800
9355
13831
13337
1937
11175
10179
9041
6185
10821
3970
705
13245
6644
2008
9502
12249
10865
358
12540
12639
2011
3605
4320
13921
14022
2555
11097
10094
905
3276
12843
6580
9025
6410
6617
7583
8055
729
14040
13843
4984
11556
13755
4926
11368
2836
5380
6721
10926
879
12313
10156
5852
2026
7534
8811
1825
1774
10269
954
4616
12815
9754
7278
8637
5442
775
4662
2735
8088
12419
10614
11426
3948
11935
7319
10707
7787
10181
4468
14454
6090
3353
10338
9199
12078
5051
9277
10572
6148
14798
10518
872
5416
6866
12193
1465
2704
12676
13307
10976
14506
6124
2353
4557
1537
4432
9653
10673
2153
7833
6879
14766
11147
1993
1651
3847
1856
7875
7834
647
2869
1405
12270
5130
8756
13536
4095
9005
3887
13455
13331
3228
90
5159
6917
2166
11673
6223
13427
14959
14634
9052
7754
2391
6531
5815
7507
2237
1659
4005
11176
9478
14215
14982
2297
10437
9552
14487
12086
8681
13873
11545
3026
5020
4921
11062
11172
2762
5665
9931
9865
208
1991
2648
14564
5285
14492
3040
14255
5014
11416
13091
1344
2633
14594
8619
1027
11464
8458
11802
3376
14419
11565
14298
4490
2725
9540
9674
10411
1968
12049
2080
2984
3731
1100
11424
494
4239
1481
5155
14764
11386
1198
470
5346
14251
1835
8043
12587
9931
12825
5576
4118
8333
10180
14931
13445
539
13609
13582
4064
13387
11515
12944
12885
9263
8399
9265
14293
8020
10139
10092
2627
8041
10717
12373
13731
1262
12020
3874
1774
13400
4874
3294
11950
2254
1990
5626
10082
12160
2811
11805
238
12604
1941
10395
3450
9410
13778
14281
13395
1600
13719
8011
6052
5834
3476
5194
2069
3822
10069
13737
2866
6718
14956
8391
8674
2936
3333
1677
3837
12444
7683
4567
6898
7723
11073
7940
1247
2408
2742
1492
10862
4633
11663
6599
11296
2455
12242
5167
12206
6110
1744
4883
6204
107
4854
8834
12042
12730
1669
6946
11331
2208
11270
1629
8720
533
13169
5387
14248
12291
716
9202
7271
2251
2118
13545
4745
2997
9998
1766
4069
3975
3186
10681
3656
2335
8496
8669
5191
8384
2880
5131
4483
9468
1371
13008
5104
12404
14395
7315
5522
11009
14237
8013
254
11333
2076
5677
3733
7719
4021
12258
899
11525
14566
12998
5169
4996
13713
1111
5363
9356
2289
9442
10004
6861
6282
12004
14832
3705
4594
2912
9492
14273
12861
14
10647
4010
691
10975
8495
4750
9594
5196
8985
1533
11848
12577
14563
4465
974
5199
8752
7782
6899
3349
11106
5892
8858
8065
4428
11127
6356
1975
13717
12800
1223
2348
5518
2594
11676
11291
3197
7366
8259
4739
8477
1042
1534
9320
7283
8321
5186
12786
153
10837
10343
13884
12309
3840
12996
4586
3227
4508
14894
12605
4382
9536
9404
8670
14415
12028
14382
11907
4973
10254
12076
13972
14348
4196
4473
13251
7145
2658
11891
908
3672
4218
9532
6312
12231
4124
10349
9583
4457
8323
3019
5976
13350
12020
6317
4304
4181
8708
2292
13595
13740
9320
2913
12335
9874
3355
10942
9577
14697
12927
4814
13740
5079
14374
1802
174
9931
13181
14364
5632
3171
6941
4269
837
4962
10558
4998
3142
12894
7841
8966
13568
5995
5193
4985
4297
331
13703
4063
3978
5217
4872
13461
7231
28
1756
2103
10384
4229
14205
1420
14575
9532
14110
10314
11453
10271
8408
6992
4941
7688
7720
11059
12146
14768
2140
8178
13293
14559
13628
14831
2117
11139
14770
6817
5180
7601
2042
701
14174
14584
9519
5703
6297
1025
9531
1611
11111
4218
13804
10615
2559
12713
1082
4669
8077
7074
2234
2953
1252
8549
2661
13192
13579
13046
180
13069
13123
10563
9496
5025
1875
10182
10374
10698
13330
6277
11959
6265
8003
1345
8913
3164
3004
12489
8064
5167
14808
14417
5800
6376
12784
6709
10475
9119
4774
6572
13836
9358
5798
5754
332
1980
14585
14264
5085
5372
3799
10734
11550
11238
7796
1095
3000
169
9855
7991
1991
6077
6562
8212
55
14573
9975
10279
11413
9184
3243
6977
4066
511
2595
2153
5707
9094
6080
6300
7987
9757
2839
8887
11781
8318
8343
9686
14511
9823
2063
8389
4376
459
5577
10288
13827
5318
10615
2133
9474
10190
90
5409
6588
8738
4042
11858
14215
6750
3493
4773
9068
2504
6813
2644
4502
3337
6562
11647
8179
5253
11744
1788
4656
9851
2107
10267
4562
9812
7487
9747
5641
12391
2029
10840
6233
5805
9967
14559
7991
5256
10409
9209
2792
14061
4715
5488
3176
14718
13050
6394
12277
9736
6674
2164
12486
7382
8997
6047
6859
552
1910
14191
2652
2522
5085
13326
5352
6513
6724
543
1381
4686
6475
13501
11794
4922
14994
10659
11754
6886
10079
4220
1517
5856
4420
5798
10057
5950
4754
432
4001
611
3468
6369
1243
4757
5271
7733
8722
6276
6247
7087
6593
13163
7111
426
656
11680
8727
13032
13946
2723
305
4087
12510
4423
5084
9726
10112
2950
53
2175
7572
1984
10566
5950
6220
1576
8067
9415
7665
14359
8085
9087
4495
13724
6228
7463
4386
2708
10777
12123
2551
278
9547
9358
13863
11025
12102
1784
1955
6579
4
7611
7554
512
12735
10621
14599
10766
1799
3083
14208
8751
13737
10106
4489
3460
13272
7907
3540
13082
4618
5610
8265
14214
2356
770
8877
11264
893
10794
11272
11426
14093
10537
186
3623
856
7352
4319
12163
3502
4770
10037
10475
1195
7228
840
12553
12964
9891
726
6641
541
9172
1016
3204
6371
7760
7915
11209
11446
11943
13226
7348
14876
4910
11258
2814
13214
11985
5096
11572
5144
4573
10554
3610
11281
4472
9351
874
3465
9677
14594
7780
13298
14462
7893
5132
13741
5584
877
4470
1691
14294
13388
3427
12459
10198
4122
6307
2365
13546
14293
1634
13694
9585
4577
3706
4873
5942
1959
9807
7934
7804
14384
14121
11110
12449
5089
7921
7475
10648
11669
11155
8567
13916
2127
13408
8426
12962
9680
7703
7350
2066
261
14360
13116
13483
7378
6599
12637
7897
8708
12260
982
1569
10968
6496
3291
5304
7396
13442
4727
10663
3328
13554
8413
13600
6540
7556
8058
8155
14432
6276
1172
6030
7730
10433
4844
1178
14910
6527
4850
557
5183
7174
2765
4697
6524
9442
9822
12744
2666
2451
9796
2832
11191
7347
12457
14019
12943
1080
2460
13995
2479
5775
13838
8358
4943
472
5963
5743
2923
11697
14378
10216
14213
13874
13416
5968
11476
2278
8128
2309
10331
10421
1845
6220
11604
12899
4858
3027
1467
106
14606
4513
11855
8718
10712
13275
2678
7130
4113
7491
3059
1448
10527
5249
7263
11708
2997
7876
6382
7155
3320
10439
1772
4235
12012
2556
3837
11107
2091
1876
6698
4494
6033
6764
162
6726
14250
4485
2215
274
7818
10048
8922
10528
5687
2284
925
1920
13543
9312
6738
12830
1361
12912
5875
8172
1532
6628
12535
10934
3559
9354
9512
14183
11557
13530
11628
9190
4000
2798
11939
14080
9970
11397
10826
540
6772
7608
13841
10698
3818
13004
3538
7536
9538
9773
4240
9157
1633
4015
7627
2174
4673
4096
3130
3653
5394
6223
9466
7567
11032
14070
1748
13523
2497
9403
5812
7447
8009
987
9542
4057
8203
5578
1513
7410
8272
12500
9548
12962
5202
12219
7030
8414
11550
14115
9233
8186
4260
7992
11823
4511
7446
10357
3733
11981
11263
1518
4091
8849
10928
7522
7540
403
7400
3077
13942
3252
6719
7386
3489
1318
12218
4707
12666
1181
6009
11420
3403
12678
9844
4838
7713
7277
8442
9705
14187
10537
12771
14771
4045
13843
2084
14751
4192
6550
10281
2514
12781
4128
4400
7926
13326
11928
4638
4845
11931
13852
14769
10159
6920
12675
13275
12094
13046
10185
10127
6159
5590
12801
8653
14274
14815
2161
3576
8745
12265
14622
9925
3519
3190
13998
5324
7730
1752
6026
13315
1694
5932
3641
7593
9226
7700
13589
12468
9972
9363
11665
4076
2006
4535
13266
14515
5519
6514
3330
2010
14896
599
7080
5858
1184
1419
4645
5031
6784
3181
13566
6158
13857
4867
11319
5664
5300
4703
14353
12154
1150
3259
14299
8309
4626
3179
9905
9383
12050
8629
12113
9965
12799
4561
13499
10425
9901
2234
1686
11350
328
3103
14261
871
4794
8072
7083
10466
12748
3542
3145
4567
6465
14663
13827
1921
9324
8699
672
2530
4067
644
10785
11033
13961
3337
10973
8909
1401
2139
6917
8654
14432
2356
10025
14900
9655
3062
8110
12598
9888
4255
9184
7423
2341
10397
12186
10043
11090
4536
14622
4106
12204
9994
7795
1601
12353
9316
12264
14487
5204
6944
9495
6541
3466
5917
1021
8080
9735
10055
5970
3855
553
5777
6285
5760
5385
4213
10143
5277
13037
10014
5638
3676
5264
2339
10845
14483
11335
13253
2126
12756
8745
10945
4474
7953
14808
9823
12761
11636
10545
12946
899
9856
12024
611
13445
12698
4175
763
8793
7266
488
14522
5683
1035
12466
11856
14228
14720
4559
13371
1434
10773
2411
10962
10912
10178
7503
11851
5476
5806
2247
5504
9556
12276
13164
9868
11389
1492
4411
1611
2346
8427
8191
1449
2180
6019
6288
4244
11172
5525
1989
5317
13491
978
5073
646
1538
1150
13263
1055
5494
1143
915
13213
7187
3151
3336
14626
5626
9614
6990
7569
13782
13618
442
2918
4033
12589
1322
9664
10947
3181
12623
1018
6784
13072
4663
10347
13628
4221
61
4750
7388
5435
14563
11712
4134
14919
3057
7047
13507
13850
2592
4033
12287
10657
988
13402
14716
5628
11636
13978
8516
5181
4042
12648
14854
10769
2341
47
7477
930
14796
8041
7186
12527
9264
12266
9214
4338
5346
1226
11511
2825
1825
3557
1219
10919
11067
6353
11153
11199
1008
1202
5656
8478
1229
6460
6735
4901
7792
14378
2446
5189
10144
3988
12524
14379
8318
13946
3794
11986
2769
6910
8988
5705
13825
698
7357
14883
14205
1723
9981
5159
7276
3723
1562
4073
10001
3726
11598
2775
9479
99
4116
7198
7714
2145
2197
13081
14825
335
13556
9891
2969
12376
10348
1206
2174
7094
10990
7558
1305
8512
2683
11538
4408
8599
1248
5396
14070
7559
6732
2629
8239
7597
11393
979
6973
14728
7877
4479
6967
3792
12958
2374
12940
3167
11776
5502
5985
13664
1697
3885
14092
8998
9233
11229
1908
3675
2781
3775
10654
1661
5455
5815
3661
10208
3269
9328
2255
14591
10461
6941
8853
7553
13475
3357
6607
4730
110
4252
13256
10857
4019
6599
6752
5181
8357
2622
2223
6730
11200
7782
7243
2242
9218
13626
13847
10977
9415
12970
4960
1246
5998
10686
9397
4313
13225
1361
6933
12524
9927
12183
8360
5927
3682
8636
1444
14408
1182
11952
8215
7338
5269
7373
7514
8160
2156
6904
12308
9287
3889
3054
8022
4929
4198
8680
14985
2429
13498
5042
10459
9085
7951
1150
4074
123
9969
7484
9409
7549
12132
7192
11729
11395
4817
12846
12714
13458
2140
9491
5894
341
12885
7614
7308
2204
14942
7473
2936
548
7568
6818
14244
11930
12171
6760
9054
7540
14099
2663
14426
3494
5296
7767
2451
644
9419
11060
3619
8422
9238
889
6794
2284
4958
8273
3289
4042
1224
4629
3032
4471
3916
12499
4823
13311
89
6513
111
10312
3719
4664
6766
6294
13090
9312
8488
12332
12505
10995
14751
3140
1854
7227
13737
9663
9727
2444
6165
11575
265
10345
2069
7577
805
13787
252
9071
13649
11334
14651
6183
9952
1884
7529
12934
8654
7063
4977
881
12090
10123
9704
3853
5816
9425
5681
6191
4419
6209
10073
4970
4479
778
8855
12119
8961
3561
14088
12437
1743
10585
694
4343
8644
9829
11141
8518
12000
3982
13710
2238
10768
9078
3403
12643
4412
14229
3385
1383
11735
14956
14890
4423
8155
6754
12729
12861
4661
8209
8611
3747
8735
7794
9845
7689
12734
13478
2835
13536
8851
7871
3285
13680
12745
14290
2332
5914
5187
14578
1844
13404
14600
13350
11679
1258
13666
14820
4731
10188
949
945
10491
10822
1176
430
5001
5486
5042
13081
8455
3319
14036
3500
9453
11022
14651
13142
2723
14352
2957
3600
6734
13227
5772
5530
10600
12319
8110
233
1381
1341
4428
3833
7322
2492
1301
1471
7480
1561
3343
3770
14305
6986
9109
11703
8427
10347
13033
2574
9484
13253
13578
3073
9006
8910
10282
9795
5072
4695
3557
12496
12401
14413
3354
6299
11749
10241
3050
8700
14848
10490
13938
544
2373
9812
6353
4221
5740
6646
8682
6888
3343
2219
9913
11795
3950
11844
10289
7189
4757
2247
12640
9352
4013
14357
11210
3957
2584
6473
13959
7521
8283
9988
2602
2994
5466
13714
9442
6444
9778
10624
2577
12306
4605
4241
5522
11814
9904
7671
12774
5593
13098
469
7458
11389
8117
5262
13926
6410
1696
6276
5853
8730
204
14452
8626
3912
7983
14533
1683
7924
9112
3273
2916
1826
147
14541
13465
8131
7105
12148
13155
8621
12564
8670
2108
14103
10150
9027
2503
5230
11499
8981
4614
12219
8951
4368
6933
6458
6498
4418
1803
10744
8850
3597
13752
335
12886
2205
14937
5599
10709
8576
13968
6735
2893
5472
11597
8994
13444
3394
304
12305
13143
6654
2976
1408
6302
4603
14432
9248
11751
7802
519
8684
3363
422
695
11281
8683
1355
3019
10764
2288
7778
7875
5016
7091
5737
11042
8040
11122
5822
7066
14820
14921
4649
1405
2277
5064
13100
7426
11940
4852
13697
11818
2925
12720
10402
14427
6459
11629
4531
12036
4277
4566
6247
12574
14458
11313
5214
5578
9983
7563
9228
6262
13699
2481
1718
11552
228
13330
11293
3025
7371
2611
12401
9067
1134
10062
4807
4874
5366
8875
6995
10437
2637
10410
6643
10293
9885
1573
787
8052
4010
9976
14325
1890
10866
1557
4449
6267
334
8224
9177
2128
3337
4872
415
2588
7737
6505
5528
12292
1210
3285
8685
1107
4061
11678
8470
1566
803
3103
1485
11538
24
6073
13107
6473
12028
3921
7056
5106
2780
14328
11165
11077
9052
14946
14851
14823
3682
10578
239
12833
5268
37
10499
2843
6400
8146
3996
13459
12596
8180
7124
7156
7995
9182
6809
9630
10658
9803
3173
14074
10519
10601
13760
7628
3150
5880
3151
3846
5701
5096
13660
1806
7969
5058
6048
7882
7348
9030
9427
5727
2428
11236
1051
10292
4
2344
6471
12433
8437
1500
6621
3340
8329
1161
8496
2144
4361
7006
13601
12901
5623
11906
13769
6879
5701
8645
10246
5272
8120
14981
12485
2732
12037
2399
12158
7452
7827
11981
1171
3468
13573
10604
2941
13310
11063
4590
8244
2949
13130
5862
13948
6348
9581
1913
207
2366
14626
12251
14646
797
14533
8761
12536
256
1234
12225
6467
598
402
10599
7623
10380
5496
1613
774
11275
1795
6627
8831
1772
9026
68
13245
10683
10070
5695
1797
10612
12338
3033
14017
4306
1057
9673
4179
13236
3197
9472
11586
13839
2465
5897
14837
13503
11731
14576
3948
2946
943
2889
1511
5839
8177
10370
12410
9378
5525
12350
5981
1355
13232
5100
11538
5800
3530
7150
11350
13247
3996
12641
1572
3372
14252
5211
6426
6667
5131
4581
7591
6488
13858
10747
14424
4087
2911
769
11739
6425
5403
1642
10633
6452
14240
8611
574
2353
9554
712
43
11158
4659
14462
6739
2289
7992
5625
11705
7261
9593
960
4740
9710
10247
9503
2471
12991
14492
12216
6141
11484
12692
10174
2600
11463
9058
6609
5496
434
13702
4501
11547
2266
3790
5200
1692
10790
13959
7824
14155
7087
12587
9990
14023
11966
3854
395
6770
4859
4847
12304
3070
4709
13967
12524
13351
747
2575
1980
13137
4273
7794
1810
14460
13306
1003
7505
11747
8225
10022
2290
1676
2566
3599
7025
9410
9
11103
3870
1057
2449
10582
8868
7934
1543
13112
3750
11318
2333
12973
3518
13798
6048
1242
10130
692
8064
719
7199
1554
4019
13366
5898
7457
8597
5304
11605
13398
11319
6806
10867
5586
8561
888
12966
12823
13389
17
6405
11993
4691
13366
12610
3034
14264
4930
524
14534
113
12922
5841
4466
10514
11508
8684
4065
9659
3766
1884
9575
6581
9148
7318
14893
8605
12695
3987
7520
1587
11801
14005
5456
558
2779
514
2920
7402
1190
12527
9986
5471
12129
13188
10097
12531
8454
4235
3713
10906
13071
6384
3512
6469
7699
13894
181
1088
5107
6567
7292
7540
7951
12353
13430
6024
13308
4279
7131
5784
13474
1302
3840
4912
9737
12725
43
12546
12266
6736
137
3113
215
10126
13321
12121
11118
7294
9962
12726
2189
11166
3710
9711
6905
10525
9611
10640
8379
8805
8223
1573
10629
3010
10912
3562
8922
1631
880
7768
11259
6361
3099
13086
8718
6545
6231
12255
9725
7586
4207
3908
8255
8420
11352
1514
4658
7764
9591
2763
14743
2069
3924
10629
895
12439
8937
1934
12996
8737
2510
9613
10349
7068
7093
6324
7649
12963
791
1090
12697
46
13684
8460
11344
3057
12952
12427
10876
10634
7105
7261
417
3920
4185
2924
1252
3814
3
14075
12735
13583
13314
7560
6397
1884
1093
1103
14239
12585
14392
440
8214
13212
2466
14622
4635
598
13761
6220
7958
13035
54
12209
4771
2805
3805
6909
14896
13204
14818
7261
6856
5781
978
13890
9610
4831
5780
13478
5867
6493
6524
3079
9384
7265
14753
9918
10337
4006
5436
13469
12739
10802
2497
4647
4973
580
14606
3394
2309
12999
10625
3360
6175
8869
10469
5970
5944
3838
216
7036
12348
2767
7509
1083
8824
11795
7187
14890
4611
4559
13697
11753
6050
11643
3714
5193
8500
3445
14897
2657
8032
12707
7084
8840
12158
4449
3653
14747
14268
13067
2612
6020
4903
2497
2829
9003
10795