4334
11688
6607
13100
1527
2809
10793
12624
7142
14292
2408
7740
6304
13118
2705
13759
6187
5668
1524
6906
4862
5804
7869
5260
346
11625
5260
10455
3527
694
5916
5836
227
7324
8907
10423
6548
13944
14391
218
263
10308
2234
3686
11000
3106
2044
265
4986
4463
3701
6029
4631
3313
10270
11604
13854
6146
9933
296
12944
10266
5505
8200
13321
13860
11426
2635
5220
7584
8500
5019
14423
18
10785
7899
12228
2587
4506
9767
5234
9176
11674
1081
2847
2736
1171
12613
1236
8891
3275
14502
8128
6333
213
12968
14173
7886
11707
13284
2559
1032
12141
5005
7898
2807
14475
11513
2103
4791
1405
8225
1280
4091
1286
890
7794
11027
6962
7618
13798
8928
13776
13734
9061
11323
4036
8698
13179
8402
13594
5115
1024
5918
10929
8257
12419
8339
5436
8446
6317
14593
5760
8589
782
1934
12256
14303
8852
7001
14187
14260
7043
11325
4261
8423
13382
2712
6879
5496
10322
13640
10791
8639
2709
3556
13757
8689
1831
1699
11789
7398
13572
13712
14872
7612
344
488
459
14707
13693
4389
5364
11677
6576
7895
9647
7824
2697
13470
103
2814
7359
460
10862
12308
383
5389
7445
9889
6641
950
12986
407
9596
4683
372
10073
8755
12986
7385
2015
9701
2799
7982
12993
12068
7608
5569
6837
8302
8549
5888
1734
11997
7937
12280
4868
2951
4034
7915
4542
12709
14079
7767
4837
12327
10736
13631
7471
1844
1626
12484
11712
3034
11780
2449
9145
757
7609
3503
9633
12800
4867
7388
13146
9433
12672
13352
1814
13187
10059
2268
1209
14129
2467
12698
12807
1641
7666
8211
7372
8536
733
1667
1405
10372
9004
13555
1943
10954
1232
12378
14781
6976
2928
12361
5924
14371
4397
1316
3546
8259
7395
9886
8322
10276
11901
1625
8102
14400
10130
5974
12720
14057
12644
65
12354
4186
4108
870
4612
6804
11721
7906
13947
14743
656
5127
3434
12088
8829
2718
8159
7398
9922
790
9711
3723
7202
10010
11153
13988
12707
538
11799
2204
3433
13421
9884
6784
11783
4038
2844
11170
13306
14576
7079
94
10278
13746
5586
4592
1470
7557
5551
3889
10091
593
6786
9754
5955
13608
6946
3459
5964
184
12719
3608
5990
2965
14783
10891
2932
2931
14301
8423
12994
4193
14136
6770
13989
12061
8101
14299
11361
10853
14219
6436
7897
9746
12986
7699
7450
13602
14088
604
12305
5757
3845
13119
12090
8785
12632
10250
3902
7414
873
3238
9324
5349
11689
1514
8145
5853
6830
9089
1437
885
3447
11716
189
4424
4804
1380
6772
11221
7835
7060
13944
13274
4298
10466
1495
5087
14144
3490
314
12006
11930
12761
11687
13762
5007
8677
11334
7193
5957
10017
1619
4213
12970
3029
550
9639
7492
1889
8279
6996
561
9665
4054
8636
3401
14109
8089
7290
10651
9339
14439
2580
13423
12198
12321
10209
3413
14038
11192
12321
7600
931
11423
9615
12373
6530
5920
10424
14318
4986
11660
7281
2005
8591
5911
3046
12593
14999
11086
6008
8888