2271
7618
13277
2759
13736
14147
13981
33
11960
3164
6410
950
11598
14860
11544
13829
8479
10463
12097
8896
8925
11140
9088
13499
6559
7287
2975
9378
4465
260
13189
12428
6692
32
9351
9882
3566
6
10866
10401
781
12265
14899
1702
8066
9404
12718
9403
7842
11032
10787
7441
14976
8123
12867
10566
8737
10172
5303
25
8294
1393
10298
13562
3413
3318
14859
4635
14840
6606
12945
8362
13532
1164
6202
10454
4441
3333
11843
14863
1113
6992
5485
1083
8310
6940
2614
4226
6352
4292
2209
1726
12906
6530
6308
7584
12201
2414
14620
4043
14706
10583
1629
10648
10876
6849
8659
5605
6713
10342
4144
12294
11849
672
9997
11422
8452
9361
2401
7146
3640
5060
10897
13989
12656
11307
13960
12027
779
2914
14176
2385
4776
14134
233
12746
13567
2060
7923
13216
6869
3775
13981
3426
13534
11698
11784
99
12330
10909
7882
8223
8731
4675
5437
11136
12312
8333
5061
9852
6258
1392
2659
13489
11533
8629
14415
14627
13937
6098
13361
3081
10401
9195
9638
8520
6762
9142
12374
8319
6911
2774
8266
12158
1967
7116
10431
2313
1486
2367
9372
9361
6425
7189
5668
828
11364
5998
2875
11058
3245
6049
2158
809
13696
4465
554
14569
10798
9380
980
12296
5954
13370
2401
8456
8759
3871
12888
11201
4536
9542
2101
648
10077
5880
9605
5725
14366
6941
8445
1321
11359
581
575
5565
3592
7822
6492
3696
2120
2304
8215
483
11847
1136
4908
9535
9948
4955
9397
10345
5987
11600
12029
7923
7024
10528
7482
10608
6980
9791
13985
5134
7524
6249
12190
7348
3607
1185
6291
4895
7803
6599
5372
1343
7577
14436
8447
13254
4708
1287
3759
645
10652
6877
13430
3656
3966
10904
4101
7778
11648
10289
4087
1980
9940
1452
3167
14341
11967
8571
7384
3878
7019
3747
7757
743
10692
12858
10487
2618
1404
2123
8124
2294
2035
7554
87
13839
13979
8580
3332
11548
11571
9006
8165
4975
491
9660
1601
13982
5788
14474
11761
10553
11267
13850
6215
5969
14603
11507
3142
8957
12078
13762
4324
14809
5128
14323
4923
8952
3223
11666
1786
3162
673
12395
3594
6354
10723
9738
1081
5503
4823
14078
12982
4381
10704
2933
11437
3896
6819
7113
8021
10791
7403
5699
6423
834
1700
4667
1370
12159
8804
11195
12658
7188
8384
2086
2123
2145
10907
3784
10048
11232
13901
3875
14585
6022
10007
2312
3682
13833
1865
5544
1146
1814
14649
9142
8269
6476
1186
13969
1822
5285
6505
12813
5550
6833
1946
6973
11581
8519
1643
7545
10644
7810
14332
6426
12258
12150
12570
9862
1489
7201
12188
43
13340
14562
8987
5852
2322
8390
990
12656
3144
1292
818
8063
10854
10271
5164
10199
10672
6982
14670
13370
3
5534
7481
744
6834
5985
1097
6461
713
11421
12874
7560
11279
13480
10996
7060
9112
2543
3822
10773
3065
5764
3029
3726
10910
4355
12690
10200
7205
12294
5289
1688
5981
6295
8724
6890
5509
7113
12075
1802
6379
6759
8694
12483
11489
11502
14345
11053
8928
6976
1085
975
5822
2055
609
3964
1589
2700
6164
5084
2294
11680
12013
14099
10508
13911
9279
2099
10809
8024
8960
13401
7747
8695
3762
3284
5652
1888
11415
881
8470
3947
14948
11837
12354
10897
5295
13247
11176
8767
14839
10616
8667
1588
12797
3192
262
1562
13511
12923
5400
13409
11912
7103
3948
2289
9054
13875
536
1860
11099
4830
3147
8120
2773
4746
11983
14711
7491
13584
10988
8374
3743
8534
4025
5657
10809
3043
11947
9961
8385
9318
5784
10141
5090
7426
1505
12413
9124
902
6179
13869
4666
12102
1466
14716
8740
8666
8690
14079
13594
11290
3758
3629
1661
3461
6062
940
14205
13085
1531
4175
8120
5796
4547
14030
10487
2197
9356
2136
11027
4272
240
13106
1310
13174
4132
4144
11170
5878
31
12823
218
7993
14879
14919
5868
13531
2290
4910
6543
8734
8875
3946
9448
5261
14739
11558
11012
3092
7918
8274
11592
5533
10812
1050
7233
3767
2171
140
4175
13881
2421
680
14242
3109
12362
8560
9351
87
3032
5421
979
13741
8827
10852
12719
1709
6042
6029
9584
6323
5607
4341
10472
13970
10123
14114
12935
12068
4241
5507
12609
6988
6992
3203
5690
14834
1328
9822
7387
795
12717
14042
442
1164
4403
5461
3687
7867
3899
9299
11421
589
4417
1251
12454
227
10794
57
4184
13701
10213
9060
8480
7643
9848
7323
5057
13594
1600
3025
10261
8272
9935
12942
12675
7895
1391
13116
7632
14579
3655
7137
5585
3506
5168
12464
14345
3575
1465
7856
14672
11990
10080
1990
590
1165
14943
10251
6695
4837
9089
14346
5748
3733
12305
11334
3848
12796
7508
8394
10462
12922
2992
3958
9887
4244
5888
221
7994
10844
7867
2637
7872
10938
7947
10520
5384
1788
11699
6246
8772
2898
7838
11803
8870
8440
3649
11067
4500
9786
14723
9566
9469
13172
9307
8906
6736
708
14174
5735
10822
14554
5869
683
14429
7377
188
6563
11757
7313
4695
12934
11701
11514
702
10837
4628
5453
9383
14425
8036
13568
10473
5497
856
8256
14966
12926
8713
534
11812
1358
2827
14435
2641
59
9348
11493
13154
2296
12652
848
11736
7154
10408
3838
7189
8196
14609
3404
10174
5913
12166
9776
6645
4186
13123
12715
1848
9089
12142
9447
12065
6183
5177
3574
7122
12810
1889
6357
7677
2219
5176
389
7720
2540
5300
6890
13720
3339
6311
5729
5862
11045
8209
10570
1333
10259
9041
3922
6823
3804
6250
7106
7506
13892
23
5982
5742
3631
4870
11722
7800
3410
5165
7494
6985
1868
9814
9123
11558
7488
9857
7190
3425
13
6077
14675
12216
512
13818
996
6724
9824
3261
10216
2878
7577
12637
10648
1272
6974
11763
6198
1755
1667
10506
13854
7771
8957
8149
10437
7870
7507
2836
10127
12537
3487
14501
13432
2913
9617
12392
7768
7627
14106
7030
3561
3230
12023
7467
13948
7998
2710
10011
7423
10046
4996
5837
1656
12370
5201
14707
7126
14532
12291
4885
1667
5898
14482
14741
972
1700
8690
7612
2485
14346
5564
9199
12631
6860
12891
9841
6400
12294
13357
11954
11484
270
9229
14901
3488
11563
12865
49
4861
5857
2324
4144
12430
13821
11243
2658
10222
10730
6092
4821
10218
6751
14411
10959
11298
6256
7425
11475
10394
14135
10015
1763
8789
2574
1335
6424
4271
3769
6066
6255
5429
4505
11837
10083
2602
4246
14741
14213
6892
11395
12547
6736
2994
13623
9208
6219
9592
13107
6907
9422
12802
184
11174
326
12542
393
9703
1624
5208
12953
12231
1798
10607
6567
4078
3700
10663
7135
5043
8275
4992
1140
5276
7425
14022
11288
14455
14417
12944
10297
3699
8253
6460
5779
8
1260
6268
5799
8103
11028
10794
4532
8038
5352
5374
11418
6449
14397
2354
14626
11656
2327
666
11384
3144
13983
8082
1090
6826
599
1477
13105
10052
6224
1202
4776
8990
8926
4798
3549
4294
13381
8927
2195
12816
5446
12686
4458
4571
12658
1720
2098
7849
6798
1320
3856
10625
11276
4476
13903
2768
9412
14282
7577
12543
5629
6937
3724
8733
11473
4131
14262
763
8303
13940
12953
12463
5751
1815
824
14355
2417
2456
3265
11980
6861
8605
6583
12095
12092
2718
3427
2461
8551
7923
10796
8048
7907
11793
8760
3824
10345
5402
1279
9341
9001
7456
6134
11917
8870
8276
4037
13872
3284
10667
11781
12245
1572
13756
7408
142
9123
6240
7527
14049
4903
1800
14477
3108
2077
7022
8590
3375
6826
7673
9866
13483
8635
8326
746
10989
7590
170
10831
4313
306
8032
5548
3652
5772
12931
138
3009
10732
2798
9802
1021
14065
13838
8139
4001
4257
7339
1590
11458
8693
13811
4944
11747
4015
3261
6047
4797
8353
11229
9621
12287
1733
13214
3382
14924
10223
6276
12040
4999
6658
1870
14502
9883
3297
4354
7905
6645
581
6057
14750
11404
13521
5833
3646
9796
1888
12657
10839
6036
8111
10878
12059
4386
5646
4245
10035
4763
1569
4238
483
13410
12155
1659
4330
6138
5227
10224
7071
11974
2461
12403
11955
3712
919
3582
4023
1441
2664
1300
831
724
7843
1105
11098
13398
7632
4725
581
531
1877
789
10703
6999
7970
7371
12877
5415
5477
11697
8365
6162
7918
11420
3931
1230
1089
11433
5644
6102
2895
3580
6062
14916
9847
14147
8920
2247
8468
2994
11316
10550
1970
8250
4357
1772
630
9009
1086
12600
7151
8319
10366
11165
12258
6760
2168
3190
11509
8939
7665
53
10067
3623
2194
13751
10879
995
5803
9644
307
6816
10628
3011
4764
2468
811
7302
5386
14090
4607
8575
10962
9419
14811
13619
14312
10285
1307
249
58
14367
7764
13647
2226
8636
9507
4916
14857
9624
11425
547
748
14168
9407
6612
10755
11173
970
13604
8600
5845
8089
7581
6210
13929
1705
10871
11393
8571
8003
5098
1453
12816
13336
2001
8072
2694
10156
12209
13898
8547
5131
6127
11850
4699
10760
4257
9166
4728
11196
14867
4413
10935
9630
4382
6906
13292
6901
8808
5830
577
1655
10930
7083
14038
5416
7950